1
-0,0000399149721488
2
-0,0000425749713031
3
-0,0000425749713031
4
-0,0000439049690613
5
-0,0000439049690613
6
-0,0000425749713031
7
-0,0000412449699070
8
-0,0000399149721488
9
-0,0000425749713031
10
-0,0000439049690613
11
-0,0000425749713031
12
-0,0000412449699070
13
-0,0000412449699070
14
-0,0000399149721488
15
-0,0000412449699070
16
-0,0000425749713031
17
-0,0000439049690613
18
-0,0000439049690613
19
-0,0000425749713031
20
-0,0000412449699070
21
-0,0000399149721488
22
-0,0000425749713031
23
-0,0000412449699070
24
-0,0000425749713031
25
-0,0000425749713031
26
-0,0000425749713031
27
-0,0000412449699070
28
-0,0000399149721488
29
-0,0000399149721488
30
-0,0000399149721488
31
-0,0000425749713031
32
-0,0000399149721488
33
-0,0000399149721488
34
-0,0000385849707527
35
-0,0000385849707527
36
-0,0000412449699070
37
-0,0000412449699070
38
-0,0000412449699070
39
-0,0000399149721488
40
-0,0000385849707527
41
-0,0000372549693566
42
-0,0000385849707527
43
-0,0000412449699070
44
-0,0000399149721488
45
-0,0000385849707527
46
-0,0000372549693566
47
-0,0000385849707527
48
-0,0000372549693566
49
-0,0000399149721488
50
-0,0000399149721488
51
-0,0000399149721488
52
-0,0000385849707527
53
-0,0000385849707527
54
-0,0000385849707527
55
-0,0000399149721488
56
-0,0000399149721488
57
-0,0000399149721488
58
-0,0000412449699070
59
-0,0000399149721488
60
-0,0000399149721488
61
-0,0000372549693566
62
-0,0000399149721488
63
-0,0000385849707527
64
-0,0000399149721488
65
-0,0000385849707527
66
-0,0000372549693566
67
-0,0000385849707527
68
-0,0000385849707527
69
-0,0000399149721488
70
-0,0000412449699070
71
-0,0000425749713031
72
-0,0000385849707527
73
-0,0000385849707527
74
-0,0000372549693566
75
-0,0000399149721488
76
-0,0000399149721488
77
-0,0000385849707527
78
-0,0000399149721488
79
-0,0000399149721488
80
-0,0000399149721488
81
-0,0000372549693566
82
-0,0000399149721488
83
-0,0000412449699070
84
-0,0000425749713031
85
-0,0000412449699070
86
-0,0000399149721488
87
-0,0000399149721488
88
-0,0000385849707527
89
-0,0000399149721488
90
-0,0000399149721488
91
-0,0000425749713031
92
-0,0000425749713031
93
-0,0000412449699070
94
-0,0000385849707527
95
-0,0000385849707527
96
-0,0000399149721488
97
-0,0000412449699070
98
-0,0000412449699070
99
-0,0000412449699070
100
-0,0000412449699070
101
-0,0000415849707527
102
-0,0000425749713031
103
-0,0000425749713031
104
-0,0000425749713031
105
-0,0000425749713031
106
-0,0000399149721488
107
-0,0000399149721488
108
-0,0000385849707527
109
-0,0000399149721488
110
-0,0000425749713031
111
-0,0000412449699070
112
-0,0000399149721488
113
-0,0000385849707527
114
-0,0000385849707527
115
-0,0000385849707527
116
-0,0000399149721488
117
-0,0000385849707527
118
-0,0000385849707527
119
-0,0000359249715984
120
-0,0000359249715984
121
-0,0000359249715984
122
-0,0000372549693566
123
-0,0000385849707527
124
-0,0000385849707527
125
-0,0000385849707527
126
-0,0000372549693566
127
-0,0000372549693566
128
-0,0000359249715984
129
-0,0000372549693566
130
-0,0000372549693566
131
-0,0000385849707527
132
-0,0000372549693566
133
-0,0000372549693566
134
-0,0000385849707527
135
-0,0000399149721488
136
-0,0000399149721488
137
-0,0000412449699070
138
-0,0000412449699070
139
-0,0000385849707527
140
-0,0000385849707527
141
-0,0000372549693566
142
-0,0000372549693566
143
-0,0000385849707527
144
-0,0000372549693566
145
-0,0000372549693566
146
-0,0000372549693566
147
-0,0000372549693566
148
-0,0000372549693566
149
-0,0000372549693566
150
-0,0000385849707527
151
-0,0000385849707527
152
-0,0000345949702023
153
-0,0000345949702023
154
-0,0000345949702023
155
-0,0000359249715984
156
-0,0000359249715984
157
-0,0000385849707527
158
-0,0000372549693566
159
-0,0000372549693566
160
-0,0000372549693566
161
-0,0000345949702023
162
-0,0000359249715984
163
-0,0000385849707527
164
-0,0000385849707527
165
-0,0000372549693566
166
-0,0000345949702023
167
-0,0000332649688062
168
-0,0000332649688062
169
-0,0000345949702023
170
-0,0000372549693566
171
-0,0000385849707527
172
-0,0000359249715984
173
-0,0000345949702023
174
-0,0000332649688062
175
-0,0000345949702023
176
-0,0000372549693566
177
-0,0000359249715984
178
-0,0000359249715984
179
-0,0000359249715984
180
-0,0000332649688062
181
-0,0000319349710480
182
-0,0000345949702023
183
-0,0000359249715984
184
-0,0000359249715984
185
-0,0000372549693566
186
-0,0000345949702023
187
-0,0000359249715984
188
-0,0000359249715984
189
-0,0000385849707527
190
-0,0000399149721488
191
-0,0000399149721488
192
-0,0000385849707527
193
-0,0000372549693566
194
-0,0000372549693566
195
-0,0000359249715984
196
-0,0000372549693566
197
-0,0000385849707527
198
-0,0000399149721488
199
-0,0000385849707527
200
-0,0000385849707527
201
-0,0000372549693566
202
-0,0000372549693566
203
-0,0000385849707527
204
-0,0000385849707527
205
-0,0000372549693566
206
-0,0000359249715984
207
-0,0000359249715984
208
-0,0000345949702023
209
-0,0000359249715984
210
-0,0000359249715984
211
-0,0000359249715984
212
-0,0000332649688062
213
-0,0000319349710480
214
-0,0000306049696519
215
-0,0000319349710480
216
-0,0000319349710480
217
-0,0000319349710480
218
-0,0000306049696519
219
-0,0000292749700748
220
-0,0000279449704976
221
-0,0000266149691015
222
-0,0000279449704976
223
-0,0000292749700748
224
-0,0000279449704976
225
-0,0000279449704976
226
-0,0000252849713434
227
-0,0000239549699472
228
-0,0000252849713434
229
-0,0000266149691015
230
-0,0000252849713434
231
-0,0000266149691015
232
-0,0000252849713434
233
-0,0000239549699472
234
-0,0000212949707930
235
-0,0000212949707930
236
-0,0000249549699472
237
-0,0000252849713434
238
-0,0000252849713434
239
-0,0000252849713434
240
-0,0000266149691015
241
-0,0000239549699472
242
-0,0000239549699472
243
-0,0000239549699472
244
-0,0000239549699472
245
-0,0000212949707930
246
-0,0000212949707930
247
-0,0000199649693968
248
-0,0000199649693968
249
-0,0000212949707930
250
-0,0000239549699472
251
-0,0000239549699472
252
-0,0000199649693968
253
-0,0000173049702425
254
-0,0000159749706654
255
-0,0000159749706654
256
-0,0000173049702425
257
-0,0000159749706654
258
-0,0000159749706654
259
-0,0000159749706654
260
-0,0000146449710883
261
-0,0000133149696921
262
-0,0000176449710883
263
-0,0000146449710883
264
-0,0000133149696921
265
-0,0000119849701150
266
-0,0000093249709607
267
-0,0000079949695646
268
-0,0000053349704103
269
-0,0000053349704103
270
-0,0000040049708332
271
-0,0000053349704103
272
-0,0000026749694371
273
-0,0000013449716789
274
-0,0000000149702828
275
0,0000013150311133
276
0,0000013150311133
277
0,0000026450288715
278
0,0000026450288715
279
0,0000066350294219
280
0,0000092950285762
281
0,0000106150305227
282
0,0000119550313684
283
0,0000132850291266
284
0,0000132850291266
285
0,0000132850291266
286
0,0000146150305227
287
0,0000159450282808
288
0,0000172750296770
289
0,0000159450282808
290
0,0000146150305227
291
0,0000132850291266
292
0,0000146150305227
293
0,0000159450282808
294
0,0000146150305227
295
0,0000132850291266
296
0,0000106250299723
297
0,0000092950285762
298
0,0000092950285762
299
0,0000092950285762
300
0,0000066350294219
301
0,0000039750302676
302
-0,0000013449716789
303
-0,0000026749694371
304
-0,0000066649699875
305
-0,0000079949695646
306
-0,0000066649699875
307
-0,0000093249709607
308
-0,0000133149696921
309
-0,0000173049702425
310
-0,0000212949707930
311
-0,0000252849713434
312
-0,0000252849713434
313
-0,0000252849713434
314
-0,0000266149691015
315
-0,0000306049696519
316
-0,0000319349710480
317
-0,0000319349710480
318
-0,0000345949702023
319
-0,0000345949702023
320
-0,0000345949702023
321
-0,0000345949702023
322
-0,0000372549693566
323
-0,0000385849707527
324
-0,0000385849707527
325
-0,0000359249715984
326
-0,0000345949702023
327
-0,0000389249715984
328
-0,0000345949702023
329
-0,0000359249715984
330
-0,0000359249715984
331
-0,0000372549693566
332
-0,0000359249715984
333
-0,0000359249715984
334
-0,0000332649688062
335
-0,0000345949702023
336
-0,0000359249715984
337
-0,0000332649688062
338
-0,0000332649688062
339
-0,0000319349710480
340
-0,0000332649688062
341
-0,0000345949702023
342
-0,0000359249715984
343
-0,0000359249715984
344
-0,0000345949702023
345
-0,0000359249715984
346
-0,0000332649688062
347
-0,0000345949702023
348
-0,0000332649688062
349
-0,0000345949702023
350
-0,0000359249715984
351
-0,0000372549693566
352
-0,0000359249715984
353
-0,0000345949702023
354
-0,0000345949702023
355
-0,0000359249715984
356
-0,0000359249715984
357
-0,0000359249715984
358
-0,0000359249715984
359
-0,0000345949702023
360
-0,0000345949702023
361
-0,0000345949702023
362
-0,0000359249715984
363
-0,0000372549693566
364
-0,0000385849707527
365
-0,0000385849707527
366
-0,0000372549693566
367
-0,0000372549693566
368
-0,0000372549693566
369
-0,0000372549693566
370
-0,0000372549693566
371
-0,0000399149721488
372
-0,0000385849707527
373
-0,0000399149721488
374
-0,0000399149721488
375
-0,0000425749713031
376
-0,0000439049690613
377
-0,0000439049690613
378
-0,0000425749713031
379
-0,0000369149721488
380
-0,0000385849707527
381
-0,0000345949702023
382
-0,0000332649688062
383
-0,0000279449704976
384
-0,0000239549699472
385
-0,0000173049702425
386
-0,0000079949695646
387
0,0000013150311133
388
0,0000146150305227
389
0,0000265850285359
390
0,0000398850279453
391
0,0000545150287508
392
0,0000731350301066
393
0,0000930850364966
394
0,0001130350283347
395
0,0001316550333286
396
0,0001476150355302
397
0,0001622450363357
398
0,0001795350399334
399
0,0001968250289792
400
0,0002141150471289
401
0,0002300750347786
402
0,0002420450327918
403
0,0002513550280128
404
0,0002619950391818
405
0,0002739650371950
406
0,0002859350352082
407
0,0002952450304292
408
0,0002965750463773
409
0,0002925850276370
410
0,0002792850427795
411
0,0002593350363895
412
0,0002393850299995
413
0,0002181050367653
414
0,0001954950275831
415
0,0001662350405240
416
0,0001316550333286
417
0,0000984050275292
418
0,0000651550362818
419
0,0000319050268445
420
-0,0000053349704103
421
-0,0000425749713031
422
-0,0000851349686855
423
-0,0001223749713972
424
-0,0001596149668330
425
-0,0001955249608727
426
-0,0002287749666721
427
-0,0002620249870233
428
-0,0002872949698940
429
-0,0003125649527647
430
-0,0003351749619469
431
-0,0003524649655446
432
-0,0003631049767137
433
-0,0003697549691424
434
-0,0003737449587788
435
-0,0003710849559866
436
-0,0003657649795059
437
-0,0003537949523889
438
-0,0003418249543756
439
-0,0003232049639337
440
-0,0003045849734917
441
-0,0002846349671017
442
-0,0002686749794520
443
-0,0002513849758543
444
-0,0002340949722566
445
-0,0002154749672627
446
-0,0001941949594766
447
-0,0001755749690346
448
-0,0001556249771966
449
-0,0001396649749950
450
-0,0001237049727933
451
-0,0001104049733840
452
-0,0000957749725785
453
-0,0000811449717730
454
-0,0000691749737598
455
-0,0000585349698667
456
-0,0000518849701621
457
-0,0000439049690613
458
-0,0000385849707527
459
-0,0000319349710480
460
-0,0000279449704976
461
-0,0000252849713434
462
-0,0000239549699472
463
-0,0000226249703701
464
-0,0000212949707930
465
-0,0000199649693968
466
-0,0000159749706654
467
-0,0000133149696921
468
-0,0000169849701150
469
-0,0000119849701150
470
-0,0000119849701150
471
-0,0000133149696921
472
-0,0000106549705379
473
-0,0000093249709607
474
-0,0000079949695646
475
-0,0000079949695646
476
-0,0000079949695646
477
-0,0000079949695646
478
-0,0000079949695646
479
-0,0000040049708332
480
-0,0000026749694371
481
-0,0000000149702828
482
-0,0000026749694371
483
-0,0000013449716789
484
-0,0000026749694371
485
-0,0000013449716789
486
0,0000026450288715
487
0,0000039750302676
488
0,0000039750302676
489
0,0000026450288715
490
0,0000026450288715
491
0,0000013150311133
492
0,0000039750302676
493
0,0000053050280258
494
0,0000066350294219
495
0,0000092950285762
496
0,0000066350294219
497
0,0000053050280258
498
0,0000066350294219
499
0,0000079650308180
500
0,0000106250299723
501
0,0000119550313684
502
0,0000092950285762
503
0,0000079650308180
504
0,0000079650308180
505
0,0000092950285762
506
0,0000106250299723
507
0,0000119550313684
508
0,0000132850291266
509
0,0000119550313684
510
0,0000119550313684
511
0,0000119550313684
512
0,0000146150305227
513
0,0000159450282808
514
0,0000172750296770
515
0,0000172750296770
516
0,0000146150305227
517
0,0000159450282808
518
0,0000159450282808
519
0,0000172750296770
520
0,0000186050310731
521
0,0000199350288312
522
0,0000186050310731
523
0,0000172750296770
524
0,0000186050310731
525
0,0000212650302274
526
0,0000212650302274
527
0,0000225950279855
528
0,0000225950279855
529
0,0000212650302274
530
0,0000212650302274
531
0,0000212650302274
532
0,0000239250293816
533
0,0000252550307778
534
0,0000279150299320
535
0,0000279150299320
536
0,0000265850285359
537
0,0000265850285359
538
0,0000252550307778
539
0,0000279150299320
540
0,0000292450313282
541
0,0000305750327243
542
0,0000292450313282
543
0,0000292450313282
544
0,0000279150299320
545
0,0000292450313282
546
0,0000319050268445
547
0,0000305750327243
548
0,0000292450313282
549
0,0000295750327243
550
0,0000279050268445
551
0,0000332450313282
552
0,0000332350282406
553
0,0000345650296367
554
0,0000358950310329
555
0,0000358950310329
556
0,0000345650296367
557
0,0000358950310329
558
0,0000345650296367
559
0,0000358950310329
560
0,0000358950310329
561
0,0000398850279453
562
0,0000398850279453
563
0,0000398850279453
564
0,0000385550265491
565
0,0000425450307375
566
0,0000438750321337
567
0,0000452050262538
568
0,0000452050262538
569
0,0000465350276500
570
0,0000465350276500
571
0,0000465350276500
572
0,0000491950304422
573
0,0000518550332345
574
0,0000531850273546
575
0,0000531850273546
576
0,0000505250318383
577
0,0000518550332345
578
0,0000531850273546
579
0,0000571750315430
580
0,0000585050329391
581
0,0000611650320934
582
0,0000571750315430
583
0,0000571750315430
584
0,0000571750315430
585
0,0000585050329391
586
0,0000611650320934
587
0,0000638250348857
588
0,0000651550362818
589
0,0000651550362818
590
0,0000651550362818
591
0,0000651550362818
592
0,0000664850231260
593
0,0000704750273144
594
0,0000704750273144
595
0,0000704750273144
596
0,0000704750273144
597
0,0000704750273144
598
0,0000718050287105
599
0,0000744650315028
600
0,0000757950328989
601
0,0000784550356911
602
0,0000784550356911
603
0,0000784550356911
604
0,0000784550356911
605
0,0000797850225354
606
0,0000837750267237
607
0,0000851050281199
608
0,0000864350295160
609
0,0000864350295160
610
0,0000877650309121
611
0,0000864350295160
612
0,0000904250337044
613
0,0000930850364966
614
0,0000930850364966
615
0,0000957450392889
616
0,0000957450392889
617
0,0000957450392889
618
0,0000984050275292
619
0,0000997350289254
620
0,0001023950317176
621
0,0001050550345099
622
0,0001050550345099
623
0,0001050550345099
624
0,0001077150373021
625
0,0001090450386982
626
0,0001130350283347
627
0,0001156950311270
628
0,0001170250325231
629
0,0001170250325231
630
0,0001183550339192
631
0,0001196850353153
632
0,0001223450381076
633
0,0001250050263479
634
0,0001263350277441
635
0,0001289950305363
636
0,0001276650291402
637
0,0001303250319324
638
0,0001329850347247
639
0,0001356450375170
640
0,0001383050403092
641
0,0001422950299457
642
0,0001422950299457
643
0,0001449550327379
644
0,0001462850341341
645
0,0001476150355302
646
0,0001516050397186
647
0,0001529350265628
648
0,0001555950293550
649
0,0001555950293550
650
0,0001569250307512
651
0,0001582550321473
652
0,0001622450363357
653
0,0001635750377318
654
0,0001662350405240
655
0,0001675650273683
656
0,0001675650273683
657
0,0001688950287644
658
0,0001688950287644
659
0,0001715550315566
660
0,0001742150343489
661
0,0001782050385373
662
0,0001795350399334
663
0,0001795350399334
664
0,0001808650267776
665
0,0001835250295699
666
0,0001861850323621
667
0,0001875150337582
668
0,0001888450351544
669
0,0001915050379466
670
0,0001928350393428
671
0,0001915050379466
672
0,0001954950275831
673
0,0001981550303753
674
0,0001994850317715
675
0,0002008150331676
676
0,0002008150331676
677
0,0002021450345637
678
0,0002021450345637
679
0,0002048050373560
680
0,0002074650401482
681
0,0002101250283886
682
0,0002101250283886
683
0,0002101250283886
684
0,0002101250283886
685
0,0002114550443366
686
0,0002127850311808
687
0,0002141150471289
688
0,0002154450339731
689
0,0002141150471289
690
0,0002141150471289
691
0,0002141150471289
692
0,0002154450339731
693
0,0002181050367653
694
0,0002181050367653
695
0,0002181050367653
696
0,0002154450339731
697
0,0002207750208173
698
0,0002191050367653
699
0,0002194350236095
700
0,0002194350236095
701
0,0002207650395576
702
0,0002181050367653
703
0,0002181050367653
704
0,0002167750208173
705
0,0002167750208173
706
0,0002181050367653
707
0,0002154450339731
708
0,0002154450339731
709
0,0002141150471289
710
0,0002114550443366
711
0,0002087950269924
712
0,0002101250283886
713
0,0002101250283886
714
0,0002074650401482
715
0,0002061350387521
716
0,0002021450345637
717
0,0001994850317715
718
0,0001954950275831
719
0,0001954950275831
720
0,0001941650261870
721
0,0001941650261870
722
0,0001888450351544
723
0,0001835250295699
724
0,0001795350399334
725
0,0001755450357450
726
0,0001742150343489
727
0,0001715550315566
728
0,0001688950287644
729
0,0001609150349395
730
0,0001582550321473
731
0,0001516050397186
732
0,0001489450369263
733
0,0001449550327379
734
0,0001422950299457
735
0,0001369750389131
736
0,0001329850347247
737
0,0001276650291402
738
0,0001223450381076
739
0,0001196850353153
740
0,0001170250325231
741
0,0001130350283347
742
0,0001063850359060
743
0,0000997350289254
744
0,0000970750406850
745
0,0000917550351005
746
0,0000904250337044
747
0,0000864350295160
748
0,0000824450253276
749
0,0000771250342950
750
0,0000731350301066
751
0,0000691450259183
752
0,0000664850231260
753
0,0000638250348857
754
0,0000611650320934
755
0,0000571750315430
756
0,0000518550332345
757
0,0000491950304422
758
0,0000452050262538
759
0,0000425450307375
760
0,0000398850279453
761
0,0000385550265491
762
0,0000332350282406
763
0,0000292450313282
764
0,0000252550307778
765
0,0000225950279855
766
0,0000212650302274
767
0,0000199350288312
768
0,0000159450282808
769
0,0000119550313684
770
0,0000106250299723
771
0,0000053050280258
772
0,0000053050280258
773
0,0000053050280258
774
0,0000039750302676
775
0,0000013150311133
776
-0,0000026749694371
777
-0,0000053349704103
778
-0,0000066649699875
779
-0,0000079949695646
780
-0,0000093249709607
781
-0,0000079949695646
782
-0,0000119849701150
783
-0,0000146449710883
784
-0,0000159749706654
785
-0,0000186349698197
786
-0,0000173049702425
787
-0,0000186349698197
788
-0,0000186349698197
789
-0,0000212949707930
790
-0,0000226249703701
791
-0,0000252849713434
792
-0,0000239549699472
793
-0,0000226249703701
794
-0,0000239549699472
795
-0,0000252849713434
796
-0,0000279449704976
797
-0,0000292749700748
798
-0,0000306049696519
799
-0,0000306049696519
800
-0,0000306049696519
801
-0,0000292749700748
802
-0,0000306049696519
803
-0,0000332649688062
804
-0,0000345949702023
805
-0,0000345949702023
806
-0,0000345949702023
807
-0,0000359249715984
808
-0,0000359249715984
809
-0,0000385849707527
810
-0,0000372549693566
811
-0,0000385849707527
812
-0,0000372549693566
813
-0,0000372549693566
814
-0,0000372549693566
815
-0,0000385849707527
816
-0,0000399149721488
817
-0,0000385849707527
818
-0,0000399149721488
819
-0,0000412449699070
820
-0,0000399149721488
821
-0,0000362549693566
822
-0,0000399149721488
823
-0,0000412449699070
824
-0,0000412449699070
825
-0,0000412449699070
826
-0,0000399149721488
827
-0,0000385849707527
828
-0,0000399149721488
829
-0,0000385849707527
830
-0,0000399149721488
831
-0,0000412449699070
832
-0,0000399149721488
833
-0,0000385849707527
834
-0,0000372549693566
835
-0,0000385849707527
836
-0,0000399149721488
837
-0,0000399149721488
838
-0,0000412449699070
839
-0,0000412449699070
840
-0,0000412449699070
841
-0,0000399149721488
842
-0,0000412449699070
843
-0,0000412449699070
844
-0,0000425749713031
845
-0,0000412449699070
846
-0,0000399149721488
847
-0,0000385849707527
848
-0,0000372549693566
849
-0,0000385849707527
850
-0,0000385849707527
851
-0,0000425749713031
852
-0,0000412449699070
853
-0,0000399149721488
854
-0,0000385849707527
855
-0,0000399149721488
856
-0,0000412449699070
857
-0,0000425749713031
858
-0,0000412449699070
859
-0,0000399149721488
860
-0,0000399149721488
861
-0,0000385849707527
862
-0,0000385849707527
863
-0,0000412449699070
864
-0,0000412449699070
865
-0,0000412449699070
866
-0,0000385849707527
867
-0,0000372549693566
868
-0,0000385849707527
869
-0,0000385849707527
870
-0,0000399149721488
871
-0,0000412449699070
872
-0,0000385849707527
873
-0,0000372549693566
874
-0,0000359249715984
875
-0,0000372549693566
876
-0,0000385849707527
877
-0,0000372549693566
878
-0,0000385849707527
879
-0,0000385849707527
880
-0,0000385849707527
881
-0,0000359249715984
882
-0,0000385849707527
883
-0,0000399149721488
884
-0,0000399149721488
885
-0,0000385849707527
886
-0,0000372549693566
887
-0,0000372549693566
888
-0,0000359249715984
889
-0,0000372549693566
890
-0,0000372549693566
891
-0,0000399149721488
892
-0,0000385849707527
893
-0,0000359249715984
894
-0,0000372549693566
895
-0,0000372549693566
896
-0,0000372549693566
897
-0,0000372549693566
898
-0,0000385849707527
899
-0,0000359249715984
900
-0,0000345949702023
901
-0,0000345949702023
902
-0,0000359249715984
903
-0,0000359249715984
904
-0,0000332649688062
905
-0,0000332649688062
906
-0,0000319349710480
907
-0,0000319349710480
908
-0,0000356049696519
909
-0,0000319349710480
910
-0,0000319349710480
911
-0,0000332649688062
912
-0,0000319349710480
913
-0,0000306049696519
914
-0,0000292749700748
915
-0,0000292749700748
916
-0,0000292749700748
917
-0,0000306049696519
918
-0,0000306049696519
919
-0,0000306049696519
920
-0,0000292749700748
921
-0,0000279449704976
922
-0,0000292749700748
923
-0,0000292749700748
924
-0,0000292749700748
925
-0,0000279449704976
926
-0,0000266149691015
927
-0,0000266149691015
928
-0,0000266149691015
929
-0,0000292749700748
930
-0,0000279449704976
931
-0,0000306049696519
932
-0,0000292749700748
933
-0,0000279449704976
934
-0,0000266149691015
935
-0,0000279449704976
936
-0,0000306049696519
937
-0,0000306049696519
938
-0,0000292749700748
939
-0,0000292749700748
940
-0,0000292749700748
941
-0,0000279449704976
942
-0,0000292749700748
943
-0,0000306049696519
944
-0,0000306049696519
945
-0,0000306049696519
946
-0,0000279449704976
947
-0,0000292749700748
948
-0,0000266149691015
949
-0,0000279449704976
950
-0,0000292749700748
951
-0,0000292749700748
952
-0,0000292749700748
953
-0,0000266149691015
954
-0,0000279449704976
955
-0,0000279449704976
956
-0,0000292749700748
957
-0,0000279449704976
958
-0,0000292749700748
959
-0,0000279449704976
960
-0,0000266149691015
961
-0,0000252849713434
962
-0,0000266149691015
963
-0,0000292749700748
964
-0,0000306049696519
965
-0,0000292749700748
966
-0,0000279449704976
967
-0,0000279449704976
968
-0,0000292749700748
969
-0,0000306049696519
970
-0,0000306049696519
971
-0,0000332649688062
972
-0,0000306049696519
973
-0,0000306049696519
974
-0,0000306049696519
975
-0,0000306049696519
976
-0,0000332649688062
977
-0,0000332649688062
978
-0,0000359349710480
979
-0,0000316049696519
980
-0,0000306049696519
981
-0,0000292749700748
982
-0,0000319349710480
983
-0,0000319349710480
984
-0,0000319349710480
985
-0,0000319349710480
986
-0,0000306049696519
987
-0,0000319349710480
988
-0,0000306049696519
989
-0,0000332649688062
990
-0,0000345949702023
991
-0,0000359249715984
992
-0,0000345949702023
993
-0,0000332649688062
994
-0,0000319349710480
995
-0,0000332649688062
996
-0,0000319349710480
997
-0,0000332649688062
998
-0,0000332649688062
999
-0,0000319349710480
1000
-0,0000319349710480
1001
-0,0000319349710480
1002
-0,0000345949702023
1003
-0,0000345949702023
1004
-0,0000345949702023
1005
-0,0000345949702023
1006
-0,0000319349710480
1007
-0,0000319349710480
1008
-0,0000332649688062
1009
-0,0000345949702023
1010
-0,0000345949702023
1011
-0,0000385849707527
1012
-0,0000359249715984
1013
-0,0000359249715984
1014
-0,0000345949702023
1015
-0,0000332649688062
1016
-0,0000359249715984
1017
-0,0000359249715984
1018
-0,0000359249715984
1019
-0,0000359249715984
1020
-0,0000359249715984
1021
-0,0000345949702023
1022
-0,0000359249715984
1023
-0,0000372549693566
1024
-0,0000372549693566
1025
-0,0000372549693566
1026
-0,0000345949702023
1027
-0,0000345949702023
1028
-0,0000359249715984
1029
-0,0000372549693566
1030
-0,0000385849707527
1031
-0,0000385849707527
1032
-0,0000359249715984
1033
-0,0000345949702023
1034
-0,0000345949702023
1035
-0,0000359249715984
1036
-0,0000372549693566
1037
-0,0000372549693566
1038
-0,0000385849707527
1039
-0,0000372549693566
1040
-0,0000372549693566
1041
-0,0000359249715984
1042
-0,0000372549693566
1043
-0,0000385849707527
1044
-0,0000399149721488
1045
-0,0000399149721488
1046
-0,0000385849707527
1047
-0,0000372549693566
1048
-0,0000372549693566
1049
-0,0000385849707527
1050
-0,0000399149721488
1051
-0,0000412449699070
1052
-0,0000385849707527
1053
-0,0000385849707527
1054
-0,0000372549693566
1055
-0,0000385849707527
1056
-0,0000399149721488
1057
-0,0000385849707527
1058
-0,0000399149721488
1059
-0,0000385849707527
1060
-0,0000399149721488
1061
-0,0000385849707527
1062
-0,0000412449699070
1063
-0,0000412449699070
1064
-0,0000425749713031
1065
-0,0000425749713031
1066
-0,0000412449699070
1067
-0,0000412449699070
1068
-0,0000399149721488
1069
-0,0000412449699070
1070
-0,0000399149721488
1071
-0,0000425749713031
1072
-0,0000412449699070
1073
-0,0000399149721488
1074
-0,0000399149721488
1075
-0,0000412449699070
1076
-0,0000412449699070
1077
-0,0000412449699070
1078
-0,0000425749713031
1079
-0,0000412449699070
1080
-0,0000412449699070
1081
-0,0000385849707527
1082
-0,0000412449699070
1083
-0,0000439049690613
1084
-0,0000425749713031
1085
-0,0000425749713031
1086
-0,0000399149721488
1087
-0,0000412449699070
1088
-0,0000385849707527
1089
-0,0000399149721488
1090
-0,0000412449699070
1091
-0,0000439049690613
1092
-0,0000412449699070
1093
-0,0000412449699070
1094
-0,0000399149721488
1095
-0,0000412449699070
1096
-0,0000425749713031
1097
-0,0000439049690613
1098
-0,0000439049690613
1099
-0,0000412449699070
1100
-0,0000399149721488
1101
-0,0000399149721488
1102
-0,0000425749713031
1103
-0,0000439049690613
1104
-0,0000439049690613
1105
-0,0000425749713031
1106
-0,0000412449699070
1107
-0,0000412449699070
1108
-0,0000399149721488
1109
-0,0000412449699070
1110
-0,0000425749713031
1111
-0,0000439049690613
1112
-0,0000412449699070
1113
-0,0000412449699070
1114
-0,0000412449699070
1115
-0,0000412449699070
1116
-0,0000412449699070
1117
-0,0000412449699070
1118
-0,0000425749713031
1119
-0,0000399149721488
1120
-0,0000385849707527
1121
-0,0000372549693566
1122
-0,0000399149721488
1123
-0,0000399149721488
1124
-0,0000399149721488
1125
-0,0000385849707527
1126
-0,0000385849707527
1127
-0,0000372549693566
1128
-0,0000372549693566
1129
-0,0000385849707527
1130
-0,0000385849707527
1131
-0,0000399149721488
1132
-0,0000372549693566
1133
-0,0000372549693566
1134
-0,0000359249715984
1135
-0,0000372549693566
1136
-0,0000399149721488
1137
-0,0000399149721488
1138
-0,0000399149721488
1139
-0,0000385849707527
1140
-0,0000385849707527
1141
-0,0000372549693566
1142
-0,0000385849707527
1143
-0,0000385849707527
1144
-0,0000399149721488
1145
-0,0000385849707527
1146
-0,0000372549693566
1147
-0,0000372549693566
1148
-0,0000359249715984
1149
-0,0000372549693566
1150
-0,0000385849707527
1151
-0,0000399149721488
1152
-0,0000385849707527
1153
-0,0000372549693566
1154
-0,0000359249715984
1155
-0,0000372549693566