1,0000000000000000
-0,0000399149721488
2,0000000000000000
-0,0000425749713031
3,0000000000000000
-0,0000425749713031
4,0000000000000000
-0,0000439049690613
5,0000000000000000
-0,0000439049690613
6,0000000000000000
-0,0000425749713031
7,0000000000000000
-0,0000412449699070
8,0000000000000000
-0,0000399149721488
9,0000000000000000
-0,0000425749713031
10,0000000000000000
-0,0000439049690613
11,0000000000000000
-0,0000425749713031
12,0000000000000000
-0,0000412449699070
13,0000000000000000
-0,0000412449699070
14,0000000000000000
-0,0000399149721488
15,0000000000000000
-0,0000412449699070
16,0000000000000000
-0,0000425749713031
17,0000000000000000
-0,0000439049690613
18,0000000000000000
-0,0000439049690613
19,0000000000000000
-0,0000425749713031
20,0000000000000000
-0,0000412449699070
21,0000000000000000
-0,0000399149721488
22,0000000000000000
-0,0000425749713031
23,0000000000000000
-0,0000412449699070
24,0000000000000000
-0,0000425749713031
25,0000000000000000
-0,0000425749713031
26,0000000000000000
-0,0000425749713031
27,0000000000000000
-0,0000412449699070
28,0000000000000000
-0,0000399149721488
29,0000000000000000
-0,0000399149721488
30,0000000000000000
-0,0000399149721488
31,0000000000000000
-0,0000425749713031
32,0000000000000000
-0,0000399149721488
33,0000000000000000
-0,0000399149721488
34,0000000000000000
-0,0000385849707527
35,0000000000000000
-0,0000385849707527
36,0000000000000000
-0,0000412449699070
37,0000000000000000
-0,0000412449699070
38,0000000000000000
-0,0000412449699070
39,0000000000000000
-0,0000399149721488
40,0000000000000000
-0,0000385849707527
41,0000000000000000
-0,0000372549693566
42,0000000000000000
-0,0000385849707527
43,0000000000000000
-0,0000412449699070
44,0000000000000000
-0,0000399149721488
45,0000000000000000
-0,0000385849707527
46,0000000000000000
-0,0000372549693566
47,0000000000000000
-0,0000385849707527
48,0000000000000000
-0,0000372549693566
49,0000000000000000
-0,0000399149721488
50,0000000000000000
-0,0000399149721488
51,0000000000000000
-0,0000399149721488
52,0000000000000000
-0,0000385849707527
53,0000000000000000
-0,0000385849707527
54,0000000000000000
-0,0000385849707527
55,0000000000000000
-0,0000399149721488
56,0000000000000000
-0,0000399149721488
57,0000000000000000
-0,0000399149721488
58,0000000000000000
-0,0000412449699070
59,0000000000000000
-0,0000399149721488
60,0000000000000000
-0,0000399149721488
61,0000000000000000
-0,0000372549693566
62,0000000000000000
-0,0000399149721488
63,0000000000000000
-0,0000385849707527
64,0000000000000000
-0,0000399149721488
65,0000000000000000
-0,0000385849707527
66,0000000000000000
-0,0000372549693566
67,0000000000000000
-0,0000385849707527
68,0000000000000000
-0,0000385849707527
69,0000000000000000
-0,0000399149721488
70,0000000000000000
-0,0000412449699070
71,0000000000000000
-0,0000425749713031
72,0000000000000000
-0,0000385849707527
73,0000000000000000
-0,0000385849707527
74,0000000000000000
-0,0000372549693566
75,0000000000000000
-0,0000399149721488
76,0000000000000000
-0,0000399149721488
77,0000000000000000
-0,0000385849707527
78,0000000000000000
-0,0000399149721488
79,0000000000000000
-0,0000399149721488
80,0000000000000000
-0,0000399149721488
81,0000000000000000
-0,0000372549693566
82,0000000000000000
-0,0000399149721488
83,0000000000000000
-0,0000412449699070
84,0000000000000000
-0,0000425749713031
85,0000000000000000
-0,0000412449699070
86,0000000000000000
-0,0000399149721488
87,0000000000000000
-0,0000399149721488
88,0000000000000000
-0,0000385849707527
89,0000000000000000
-0,0000399149721488
90,0000000000000000
-0,0000399149721488
91,0000000000000000
-0,0000425749713031
92,0000000000000000
-0,0000425749713031
93,0000000000000000
-0,0000412449699070
94,0000000000000000
-0,0000385849707527
95,0000000000000000
-0,0000385849707527
96,0000000000000000
-0,0000399149721488
97,0000000000000000
-0,0000412449699070
98,0000000000000000
-0,0000412449699070
99,0000000000000000
-0,0000412449699070
100,0000000000000000
-0,0000412449699070
101,0000000000000000
-0,0000415849707527
102,0000000000000000
-0,0000425749713031
103,0000000000000000
-0,0000425749713031
104,0000000000000000
-0,0000425749713031
105,0000000000000000
-0,0000425749713031
106,0000000000000000
-0,0000399149721488
107,0000000000000000
-0,0000399149721488
108,0000000000000000
-0,0000385849707527
109,0000000000000000
-0,0000399149721488
110,0000000000000000
-0,0000425749713031
111,0000000000000000
-0,0000412449699070
112,0000000000000000
-0,0000399149721488
113,0000000000000000
-0,0000385849707527
114,0000000000000000
-0,0000385849707527
115,0000000000000000
-0,0000385849707527
116,0000000000000000
-0,0000399149721488
117,0000000000000000
-0,0000385849707527
118,0000000000000000
-0,0000385849707527
119,0000000000000000
-0,0000359249715984
120,0000000000000000
-0,0000359249715984
121,0000000000000000
-0,0000359249715984
122,0000000000000000
-0,0000372549693566
123,0000000000000000
-0,0000385849707527
124,0000000000000000
-0,0000385849707527
125,0000000000000000
-0,0000385849707527
126,0000000000000000
-0,0000372549693566
127,0000000000000000
-0,0000372549693566
128,0000000000000000
-0,0000359249715984
129,0000000000000000
-0,0000372549693566
130,0000000000000000
-0,0000372549693566
131,0000000000000000
-0,0000385849707527
132,0000000000000000
-0,0000372549693566
133,0000000000000000
-0,0000372549693566
134,0000000000000000
-0,0000385849707527
135,0000000000000000
-0,0000399149721488
136,0000000000000000
-0,0000399149721488
137,0000000000000000
-0,0000412449699070
138,0000000000000000
-0,0000412449699070
139,0000000000000000
-0,0000385849707527
140,0000000000000000
-0,0000385849707527
141,0000000000000000
-0,0000372549693566
142,0000000000000000
-0,0000372549693566
143,0000000000000000
-0,0000385849707527
144,0000000000000000
-0,0000372549693566
145,0000000000000000
-0,0000372549693566
146,0000000000000000
-0,0000372549693566
147,0000000000000000
-0,0000372549693566
148,0000000000000000
-0,0000372549693566
149,0000000000000000
-0,0000372549693566
150,0000000000000000
-0,0000385849707527
151,0000000000000000
-0,0000385849707527
152,0000000000000000
-0,0000345949702023
153,0000000000000000
-0,0000345949702023
154,0000000000000000
-0,0000345949702023
155,0000000000000000
-0,0000359249715984
156,0000000000000000
-0,0000359249715984
157,0000000000000000
-0,0000385849707527
158,0000000000000000
-0,0000372549693566
159,0000000000000000
-0,0000372549693566
160,0000000000000000
-0,0000372549693566
161,0000000000000000
-0,0000345949702023
162,0000000000000000
-0,0000359249715984
163,0000000000000000
-0,0000385849707527
164,0000000000000000
-0,0000385849707527
165,0000000000000000
-0,0000372549693566
166,0000000000000000
-0,0000345949702023
167,0000000000000000
-0,0000332649688062
168,0000000000000000
-0,0000332649688062
169,0000000000000000
-0,0000345949702023
170,0000000000000000
-0,0000372549693566
171,0000000000000000
-0,0000385849707527
172,0000000000000000
-0,0000359249715984
173,0000000000000000
-0,0000345949702023
174,0000000000000000
-0,0000332649688062
175,0000000000000000
-0,0000345949702023
176,0000000000000000
-0,0000372549693566
177,0000000000000000
-0,0000359249715984
178,0000000000000000
-0,0000359249715984
179,0000000000000000
-0,0000359249715984
180,0000000000000000
-0,0000332649688062
181,0000000000000000
-0,0000319349710480
182,0000000000000000
-0,0000345949702023
183,0000000000000000
-0,0000359249715984
184,0000000000000000
-0,0000359249715984
185,0000000000000000
-0,0000372549693566
186,0000000000000000
-0,0000345949702023
187,0000000000000000
-0,0000359249715984
188,0000000000000000
-0,0000359249715984
189,0000000000000000
-0,0000385849707527
190,0000000000000000
-0,0000399149721488
191,0000000000000000
-0,0000399149721488
192,0000000000000000
-0,0000385849707527
193,0000000000000000
-0,0000372549693566
194,0000000000000000
-0,0000372549693566
195,0000000000000000
-0,0000359249715984
196,0000000000000000
-0,0000372549693566
197,0000000000000000
-0,0000385849707527
198,0000000000000000
-0,0000399149721488
199,0000000000000000
-0,0000385849707527
200,0000000000000000
-0,0000385849707527
201,0000000000000000
-0,0000372549693566
202,0000000000000000
-0,0000372549693566
203,0000000000000000
-0,0000385849707527
204,0000000000000000
-0,0000385849707527
205,0000000000000000
-0,0000372549693566
206,0000000000000000
-0,0000359249715984
207,0000000000000000
-0,0000359249715984
208,0000000000000000
-0,0000345949702023
209,0000000000000000
-0,0000359249715984
210,0000000000000000
-0,0000359249715984
211,0000000000000000
-0,0000359249715984
212,0000000000000000
-0,0000332649688062
213,0000000000000000
-0,0000319349710480
214,0000000000000000
-0,0000306049696519
215,0000000000000000
-0,0000319349710480
216,0000000000000000
-0,0000319349710480
217,0000000000000000
-0,0000319349710480
218,0000000000000000
-0,0000306049696519
219,0000000000000000
-0,0000292749700748
220,0000000000000000
-0,0000279449704976
221,0000000000000000
-0,0000266149691015
222,0000000000000000
-0,0000279449704976
223,0000000000000000
-0,0000292749700748
224,0000000000000000
-0,0000279449704976
225,0000000000000000
-0,0000279449704976
226,0000000000000000
-0,0000252849713434
227,0000000000000000
-0,0000239549699472
228,0000000000000000
-0,0000252849713434
229,0000000000000000
-0,0000266149691015
230,0000000000000000
-0,0000252849713434
231,0000000000000000
-0,0000266149691015
232,0000000000000000
-0,0000252849713434
233,0000000000000000
-0,0000239549699472
234,0000000000000000
-0,0000212949707930
235,0000000000000000
-0,0000212949707930
236,0000000000000000
-0,0000249549699472
237,0000000000000000
-0,0000252849713434
238,0000000000000000
-0,0000252849713434
239,0000000000000000
-0,0000252849713434
240,0000000000000000
-0,0000266149691015
241,0000000000000000
-0,0000239549699472
242,0000000000000000
-0,0000239549699472
243,0000000000000000
-0,0000239549699472
244,0000000000000000
-0,0000239549699472
245,0000000000000000
-0,0000212949707930
246,0000000000000000
-0,0000212949707930
247,0000000000000000
-0,0000199649693968
248,0000000000000000
-0,0000199649693968
249,0000000000000000
-0,0000212949707930
250,0000000000000000
-0,0000239549699472
251,0000000000000000
-0,0000239549699472
252,0000000000000000
-0,0000199649693968
253,0000000000000000
-0,0000173049702425
254,0000000000000000
-0,0000159749706654
255,0000000000000000
-0,0000159749706654
256,0000000000000000
-0,0000173049702425
257,0000000000000000
-0,0000159749706654
258,0000000000000000
-0,0000159749706654
259,0000000000000000
-0,0000159749706654
260,0000000000000000
-0,0000146449710883
261,0000000000000000
-0,0000133149696921
262,0000000000000000
-0,0000176449710883
263,0000000000000000
-0,0000146449710883
264,0000000000000000
-0,0000133149696921
265,0000000000000000
-0,0000119849701150
266,0000000000000000
-0,0000093249709607
267,0000000000000000
-0,0000079949695646
268,0000000000000000
-0,0000053349704103
269,0000000000000000
-0,0000053349704103
270,0000000000000000
-0,0000040049708332
271,0000000000000000
-0,0000053349704103
272,0000000000000000
-0,0000026749694371
273,0000000000000000
-0,0000013449716789
274,0000000000000000
-0,0000000149702828
275,0000000000000000
0,0000013150311133
276,0000000000000000
0,0000013150311133
277,0000000000000000
0,0000026450288715
278,0000000000000000
0,0000026450288715
279,0000000000000000
0,0000066350294219
280,0000000000000000
0,0000092950285762
281,0000000000000000
0,0000106150305227
282,0000000000000000
0,0000119550313684
283,0000000000000000
0,0000132850291266
284,0000000000000000
0,0000132850291266
285,0000000000000000
0,0000132850291266
286,0000000000000000
0,0000146150305227
287,0000000000000000
0,0000159450282808
288,0000000000000000
0,0000172750296770
289,0000000000000000
0,0000159450282808
290,0000000000000000
0,0000146150305227
291,0000000000000000
0,0000132850291266
292,0000000000000000
0,0000146150305227
293,0000000000000000
0,0000159450282808
294,0000000000000000
0,0000146150305227
295,0000000000000000
0,0000132850291266
296,0000000000000000
0,0000106250299723
297,0000000000000000
0,0000092950285762
298,0000000000000000
0,0000092950285762
299,0000000000000000
0,0000092950285762
300,0000000000000000
0,0000066350294219
301,0000000000000000
0,0000039750302676
302,0000000000000000
-0,0000013449716789
303,0000000000000000
-0,0000026749694371
304,0000000000000000
-0,0000066649699875
305,0000000000000000
-0,0000079949695646
306,0000000000000000
-0,0000066649699875
307,0000000000000000
-0,0000093249709607
308,0000000000000000
-0,0000133149696921
309,0000000000000000
-0,0000173049702425
310,0000000000000000
-0,0000212949707930
311,0000000000000000
-0,0000252849713434
312,0000000000000000
-0,0000252849713434
313,0000000000000000
-0,0000252849713434
314,0000000000000000
-0,0000266149691015
315,0000000000000000
-0,0000306049696519
316,0000000000000000
-0,0000319349710480
317,0000000000000000
-0,0000319349710480
318,0000000000000000
-0,0000345949702023
319,0000000000000000
-0,0000345949702023
320,0000000000000000
-0,0000345949702023
321,0000000000000000
-0,0000345949702023
322,0000000000000000
-0,0000372549693566
323,0000000000000000
-0,0000385849707527
324,0000000000000000
-0,0000385849707527
325,0000000000000000
-0,0000359249715984
326,0000000000000000
-0,0000345949702023
327,0000000000000000
-0,0000389249715984
328,0000000000000000
-0,0000345949702023
329,0000000000000000
-0,0000359249715984
330,0000000000000000
-0,0000359249715984
331,0000000000000000
-0,0000372549693566
332,0000000000000000
-0,0000359249715984
333,0000000000000000
-0,0000359249715984
334,0000000000000000
-0,0000332649688062
335,0000000000000000
-0,0000345949702023
336,0000000000000000
-0,0000359249715984
337,0000000000000000
-0,0000332649688062
338,0000000000000000
-0,0000332649688062
339,0000000000000000
-0,0000319349710480
340,0000000000000000
-0,0000332649688062
341,0000000000000000
-0,0000345949702023
342,0000000000000000
-0,0000359249715984
343,0000000000000000
-0,0000359249715984
344,0000000000000000
-0,0000345949702023
345,0000000000000000
-0,0000359249715984
346,0000000000000000
-0,0000332649688062
347,0000000000000000
-0,0000345949702023
348,0000000000000000
-0,0000332649688062
349,0000000000000000
-0,0000345949702023
350,0000000000000000
-0,0000359249715984
351,0000000000000000
-0,0000372549693566
352,0000000000000000
-0,0000359249715984
353,0000000000000000
-0,0000345949702023
354,0000000000000000
-0,0000345949702023
355,0000000000000000
-0,0000359249715984
356,0000000000000000
-0,0000359249715984
357,0000000000000000
-0,0000359249715984
358,0000000000000000
-0,0000359249715984
359,0000000000000000
-0,0000345949702023
360,0000000000000000
-0,0000345949702023
361,0000000000000000
-0,0000345949702023
362,0000000000000000
-0,0000359249715984
363,0000000000000000
-0,0000372549693566
364,0000000000000000
-0,0000385849707527
365,0000000000000000
-0,0000385849707527
366,0000000000000000
-0,0000372549693566
367,0000000000000000
-0,0000372549693566
368,0000000000000000
-0,0000372549693566
369,0000000000000000
-0,0000372549693566
370,0000000000000000
-0,0000372549693566
371,0000000000000000
-0,0000399149721488
372,0000000000000000
-0,0000385849707527
373,0000000000000000
-0,0000399149721488
374,0000000000000000
-0,0000399149721488
375,0000000000000000
-0,0000425749713031
376,0000000000000000
-0,0000439049690613
377,0000000000000000
-0,0000439049690613
378,0000000000000000
-0,0000425749713031
379,0000000000000000
-0,0000369149721488
380,0000000000000000
-0,0000385849707527
381,0000000000000000
-0,0000345949702023
382,0000000000000000
-0,0000332649688062
383,0000000000000000
-0,0000279449704976
384,0000000000000000
-0,0000239549699472
385,0000000000000000
-0,0000173049702425
386,0000000000000000
-0,0000079949695646
387,0000000000000000
0,0000013150311133
388,0000000000000000
0,0000146150305227
389,0000000000000000
0,0000265850285359
390,0000000000000000
0,0000398850279453
391,0000000000000000
0,0000545150287508
392,0000000000000000
0,0000731350301066
393,0000000000000000
0,0000930850364966
394,0000000000000000
0,0001130350283347
395,0000000000000000
0,0001316550333286
396,0000000000000000
0,0001476150355302
397,0000000000000000
0,0001622450363357
398,0000000000000000
0,0001795350399334
399,0000000000000000
0,0001968250289792
400,0000000000000000
0,0002141150471289
401,0000000000000000
0,0002300750347786
402,0000000000000000
0,0002420450327918
403,0000000000000000
0,0002513550280128
404,0000000000000000
0,0002619950391818
405,0000000000000000
0,0002739650371950
406,0000000000000000
0,0002859350352082
407,0000000000000000
0,0002952450304292
408,0000000000000000
0,0002965750463773
409,0000000000000000
0,0002925850276370
410,0000000000000000
0,0002792850427795
411,0000000000000000
0,0002593350363895
412,0000000000000000
0,0002393850299995
413,0000000000000000
0,0002181050367653
414,0000000000000000
0,0001954950275831
415,0000000000000000
0,0001662350405240
416,0000000000000000
0,0001316550333286
417,0000000000000000
0,0000984050275292
418,0000000000000000
0,0000651550362818
419,0000000000000000
0,0000319050268445
420,0000000000000000
-0,0000053349704103
421,0000000000000000
-0,0000425749713031
422,0000000000000000
-0,0000851349686855
423,0000000000000000
-0,0001223749713972
424,0000000000000000
-0,0001596149668330
425,0000000000000000
-0,0001955249608727
426,0000000000000000
-0,0002287749666721
427,0000000000000000
-0,0002620249870233
428,0000000000000000
-0,0002872949698940
429,0000000000000000
-0,0003125649527647
430,0000000000000000
-0,0003351749619469
431,0000000000000000
-0,0003524649655446
432,0000000000000000
-0,0003631049767137
433,0000000000000000
-0,0003697549691424
434,0000000000000000
-0,0003737449587788
435,0000000000000000
-0,0003710849559866
436,0000000000000000
-0,0003657649795059
437,0000000000000000
-0,0003537949523889
438,0000000000000000
-0,0003418249543756
439,0000000000000000
-0,0003232049639337
440,0000000000000000
-0,0003045849734917
441,0000000000000000
-0,0002846349671017
442,0000000000000000
-0,0002686749794520
443,0000000000000000
-0,0002513849758543
444,0000000000000000
-0,0002340949722566
445,0000000000000000
-0,0002154749672627
446,0000000000000000
-0,0001941949594766
447,0000000000000000
-0,0001755749690346
448,0000000000000000
-0,0001556249771966
449,0000000000000000
-0,0001396649749950
450,0000000000000000
-0,0001237049727933
451,0000000000000000
-0,0001104049733840
452,0000000000000000
-0,0000957749725785
453,0000000000000000
-0,0000811449717730
454,0000000000000000
-0,0000691749737598
455,0000000000000000
-0,0000585349698667
456,0000000000000000
-0,0000518849701621
457,0000000000000000
-0,0000439049690613
458,0000000000000000
-0,0000385849707527
459,0000000000000000
-0,0000319349710480
460,0000000000000000
-0,0000279449704976
461,0000000000000000
-0,0000252849713434
462,0000000000000000
-0,0000239549699472
463,0000000000000000
-0,0000226249703701
464,0000000000000000
-0,0000212949707930
465,0000000000000000
-0,0000199649693968
466,0000000000000000
-0,0000159749706654
467,0000000000000000
-0,0000133149696921
468,0000000000000000
-0,0000169849701150
469,0000000000000000
-0,0000119849701150
470,0000000000000000
-0,0000119849701150
471,0000000000000000
-0,0000133149696921
472,0000000000000000
-0,0000106549705379
473,0000000000000000
-0,0000093249709607
474,0000000000000000
-0,0000079949695646
475,0000000000000000
-0,0000079949695646
476,0000000000000000
-0,0000079949695646
477,0000000000000000
-0,0000079949695646
478,0000000000000000
-0,0000079949695646
479,0000000000000000
-0,0000040049708332
480,0000000000000000
-0,0000026749694371
481,0000000000000000
-0,0000000149702828
482,0000000000000000
-0,0000026749694371
483,0000000000000000
-0,0000013449716789
484,0000000000000000
-0,0000026749694371
485,0000000000000000
-0,0000013449716789
486,0000000000000000
0,0000026450288715
487,0000000000000000
0,0000039750302676
488,0000000000000000
0,0000039750302676
489,0000000000000000
0,0000026450288715
490,0000000000000000
0,0000026450288715
491,0000000000000000
0,0000013150311133
492,0000000000000000
0,0000039750302676
493,0000000000000000
0,0000053050280258
494,0000000000000000
0,0000066350294219
495,0000000000000000
0,0000092950285762
496,0000000000000000
0,0000066350294219
497,0000000000000000
0,0000053050280258
498,0000000000000000
0,0000066350294219
499,0000000000000000
0,0000079650308180
500,0000000000000000
0,0000106250299723
501,0000000000000000
0,0000119550313684
502,0000000000000000
0,0000092950285762
503,0000000000000000
0,0000079650308180
504,0000000000000000
0,0000079650308180
505,0000000000000000
0,0000092950285762
506,0000000000000000
0,0000106250299723
507,0000000000000000
0,0000119550313684
508,0000000000000000
0,0000132850291266
509,0000000000000000
0,0000119550313684
510,0000000000000000
0,0000119550313684
511,0000000000000000
0,0000119550313684
512,0000000000000000
0,0000146150305227
513,0000000000000000
0,0000159450282808
514,0000000000000000
0,0000172750296770
515,0000000000000000
0,0000172750296770
516,0000000000000000
0,0000146150305227
517,0000000000000000
0,0000159450282808
518,0000000000000000
0,0000159450282808
519,0000000000000000
0,0000172750296770
520,0000000000000000
0,0000186050310731
521,0000000000000000
0,0000199350288312
522,0000000000000000
0,0000186050310731
523,0000000000000000
0,0000172750296770
524,0000000000000000
0,0000186050310731
525,0000000000000000
0,0000212650302274
526,0000000000000000
0,0000212650302274
527,0000000000000000
0,0000225950279855
528,0000000000000000
0,0000225950279855
529,0000000000000000
0,0000212650302274
530,0000000000000000
0,0000212650302274
531,0000000000000000
0,0000212650302274
532,0000000000000000
0,0000239250293816
533,0000000000000000
0,0000252550307778
534,0000000000000000
0,0000279150299320
535,0000000000000000
0,0000279150299320
536,0000000000000000
0,0000265850285359
537,0000000000000000
0,0000265850285359
538,0000000000000000
0,0000252550307778
539,0000000000000000
0,0000279150299320
540,0000000000000000
0,0000292450313282
541,0000000000000000
0,0000305750327243
542,0000000000000000
0,0000292450313282
543,0000000000000000
0,0000292450313282
544,0000000000000000
0,0000279150299320
545,0000000000000000
0,0000292450313282
546,0000000000000000
0,0000319050268445
547,0000000000000000
0,0000305750327243
548,0000000000000000
0,0000292450313282
549,0000000000000000
0,0000295750327243
550,0000000000000000
0,0000279050268445
551,0000000000000000
0,0000332450313282
552,0000000000000000
0,0000332350282406
553,0000000000000000
0,0000345650296367
554,0000000000000000
0,0000358950310329
555,0000000000000000
0,0000358950310329
556,0000000000000000
0,0000345650296367
557,0000000000000000
0,0000358950310329
558,0000000000000000
0,0000345650296367
559,0000000000000000
0,0000358950310329
560,0000000000000000
0,0000358950310329
561,0000000000000000
0,0000398850279453
562,0000000000000000
0,0000398850279453
563,0000000000000000
0,0000398850279453
564,0000000000000000
0,0000385550265491
565,0000000000000000
0,0000425450307375
566,0000000000000000
0,0000438750321337
567,0000000000000000
0,0000452050262538
568,0000000000000000
0,0000452050262538
569,0000000000000000
0,0000465350276500
570,0000000000000000
0,0000465350276500
571,0000000000000000
0,0000465350276500
572,0000000000000000
0,0000491950304422
573,0000000000000000
0,0000518550332345
574,0000000000000000
0,0000531850273546
575,0000000000000000
0,0000531850273546
576,0000000000000000
0,0000505250318383
577,0000000000000000
0,0000518550332345
578,0000000000000000
0,0000531850273546
579,0000000000000000
0,0000571750315430
580,0000000000000000
0,0000585050329391
581,0000000000000000
0,0000611650320934
582,0000000000000000
0,0000571750315430
583,0000000000000000
0,0000571750315430
584,0000000000000000
0,0000571750315430
585,0000000000000000
0,0000585050329391
586,0000000000000000
0,0000611650320934
587,0000000000000000
0,0000638250348857
588,0000000000000000
0,0000651550362818
589,0000000000000000
0,0000651550362818
590,0000000000000000
0,0000651550362818
591,0000000000000000
0,0000651550362818
592,0000000000000000
0,0000664850231260
593,0000000000000000
0,0000704750273144
594,0000000000000000
0,0000704750273144
595,0000000000000000
0,0000704750273144
596,0000000000000000
0,0000704750273144
597,0000000000000000
0,0000704750273144
598,0000000000000000
0,0000718050287105
599,0000000000000000
0,0000744650315028
600,0000000000000000
0,0000757950328989
601,0000000000000000
0,0000784550356911
602,0000000000000000
0,0000784550356911
603,0000000000000000
0,0000784550356911
604,0000000000000000
0,0000784550356911
605,0000000000000000
0,0000797850225354
606,0000000000000000
0,0000837750267237
607,0000000000000000
0,0000851050281199
608,0000000000000000
0,0000864350295160
609,0000000000000000
0,0000864350295160
610,0000000000000000
0,0000877650309121
611,0000000000000000
0,0000864350295160
612,0000000000000000
0,0000904250337044
613,0000000000000000
0,0000930850364966
614,0000000000000000
0,0000930850364966
615,0000000000000000
0,0000957450392889
616,0000000000000000
0,0000957450392889
617,0000000000000000
0,0000957450392889
618,0000000000000000
0,0000984050275292
619,0000000000000000
0,0000997350289254
620,0000000000000000
0,0001023950317176
621,0000000000000000
0,0001050550345099
622,0000000000000000
0,0001050550345099
623,0000000000000000
0,0001050550345099
624,0000000000000000
0,0001077150373021
625,0000000000000000
0,0001090450386982
626,0000000000000000
0,0001130350283347
627,0000000000000000
0,0001156950311270
628,0000000000000000
0,0001170250325231
629,0000000000000000
0,0001170250325231
630,0000000000000000
0,0001183550339192
631,0000000000000000
0,0001196850353153
632,0000000000000000
0,0001223450381076
633,0000000000000000
0,0001250050263479
634,0000000000000000
0,0001263350277441
635,0000000000000000
0,0001289950305363
636,0000000000000000
0,0001276650291402
637,0000000000000000
0,0001303250319324
638,0000000000000000
0,0001329850347247
639,0000000000000000
0,0001356450375170
640,0000000000000000
0,0001383050403092
641,0000000000000000
0,0001422950299457
642,0000000000000000
0,0001422950299457
643,0000000000000000
0,0001449550327379
644,0000000000000000
0,0001462850341341
645,0000000000000000
0,0001476150355302
646,0000000000000000
0,0001516050397186
647,0000000000000000
0,0001529350265628
648,0000000000000000
0,0001555950293550
649,0000000000000000
0,0001555950293550
650,0000000000000000
0,0001569250307512
651,0000000000000000
0,0001582550321473
652,0000000000000000
0,0001622450363357
653,0000000000000000
0,0001635750377318
654,0000000000000000
0,0001662350405240
655,0000000000000000
0,0001675650273683
656,0000000000000000
0,0001675650273683
657,0000000000000000
0,0001688950287644
658,0000000000000000
0,0001688950287644
659,0000000000000000
0,0001715550315566
660,0000000000000000
0,0001742150343489
661,0000000000000000
0,0001782050385373
662,0000000000000000
0,0001795350399334
663,0000000000000000
0,0001795350399334
664,0000000000000000
0,0001808650267776
665,0000000000000000
0,0001835250295699
666,0000000000000000
0,0001861850323621
667,0000000000000000
0,0001875150337582
668,0000000000000000
0,0001888450351544
669,0000000000000000
0,0001915050379466
670,0000000000000000
0,0001928350393428
671,0000000000000000
0,0001915050379466
672,0000000000000000
0,0001954950275831
673,0000000000000000
0,0001981550303753
674,0000000000000000
0,0001994850317715
675,0000000000000000
0,0002008150331676
676,0000000000000000
0,0002008150331676
677,0000000000000000
0,0002021450345637
678,0000000000000000
0,0002021450345637
679,0000000000000000
0,0002048050373560
680,0000000000000000
0,0002074650401482
681,0000000000000000
0,0002101250283886
682,0000000000000000
0,0002101250283886
683,0000000000000000
0,0002101250283886
684,0000000000000000
0,0002101250283886
685,0000000000000000
0,0002114550443366
686,0000000000000000
0,0002127850311808
687,0000000000000000
0,0002141150471289
688,0000000000000000
0,0002154450339731
689,0000000000000000
0,0002141150471289
690,0000000000000000
0,0002141150471289
691,0000000000000000
0,0002141150471289
692,0000000000000000
0,0002154450339731
693,0000000000000000
0,0002181050367653
694,0000000000000000
0,0002181050367653
695,0000000000000000
0,0002181050367653
696,0000000000000000
0,0002154450339731
697,0000000000000000
0,0002207750208173
698,0000000000000000
0,0002191050367653
699,0000000000000000
0,0002194350236095
700,0000000000000000
0,0002194350236095
701,0000000000000000
0,0002207650395576
702,0000000000000000
0,0002181050367653
703,0000000000000000
0,0002181050367653
704,0000000000000000
0,0002167750208173
705,0000000000000000
0,0002167750208173
706,0000000000000000
0,0002181050367653
707,0000000000000000
0,0002154450339731
708,0000000000000000
0,0002154450339731
709,0000000000000000
0,0002141150471289
710,0000000000000000
0,0002114550443366
711,0000000000000000
0,0002087950269924
712,0000000000000000
0,0002101250283886
713,0000000000000000
0,0002101250283886
714,0000000000000000
0,0002074650401482
715,0000000000000000
0,0002061350387521
716,0000000000000000
0,0002021450345637
717,0000000000000000
0,0001994850317715
718,0000000000000000
0,0001954950275831
719,0000000000000000
0,0001954950275831
720,0000000000000000
0,0001941650261870
721,0000000000000000
0,0001941650261870
722,0000000000000000
0,0001888450351544
723,0000000000000000
0,0001835250295699
724,0000000000000000
0,0001795350399334
725,0000000000000000
0,0001755450357450
726,0000000000000000
0,0001742150343489
727,0000000000000000
0,0001715550315566
728,0000000000000000
0,0001688950287644
729,0000000000000000
0,0001609150349395
730,0000000000000000
0,0001582550321473
731,0000000000000000
0,0001516050397186
732,0000000000000000
0,0001489450369263
733,0000000000000000
0,0001449550327379
734,0000000000000000
0,0001422950299457
735,0000000000000000
0,0001369750389131
736,0000000000000000
0,0001329850347247
737,0000000000000000
0,0001276650291402
738,0000000000000000
0,0001223450381076
739,0000000000000000
0,0001196850353153
740,0000000000000000
0,0001170250325231
741,0000000000000000
0,0001130350283347
742,0000000000000000
0,0001063850359060
743,0000000000000000
0,0000997350289254
744,0000000000000000
0,0000970750406850
745,0000000000000000
0,0000917550351005
746,0000000000000000
0,0000904250337044
747,0000000000000000
0,0000864350295160
748,0000000000000000
0,0000824450253276
749,0000000000000000
0,0000771250342950
750,0000000000000000
0,0000731350301066
751,0000000000000000
0,0000691450259183
752,0000000000000000
0,0000664850231260
753,0000000000000000
0,0000638250348857
754,0000000000000000
0,0000611650320934
755,0000000000000000
0,0000571750315430
756,0000000000000000
0,0000518550332345
757,0000000000000000
0,0000491950304422
758,0000000000000000
0,0000452050262538
759,0000000000000000
0,0000425450307375
760,0000000000000000
0,0000398850279453
761,0000000000000000
0,0000385550265491
762,0000000000000000
0,0000332350282406
763,0000000000000000
0,0000292450313282
764,0000000000000000
0,0000252550307778
765,0000000000000000
0,0000225950279855
766,0000000000000000
0,0000212650302274
767,0000000000000000
0,0000199350288312
768,0000000000000000
0,0000159450282808
769,0000000000000000
0,0000119550313684
770,0000000000000000
0,0000106250299723
771,0000000000000000
0,0000053050280258
772,0000000000000000
0,0000053050280258
773,0000000000000000
0,0000053050280258
774,0000000000000000
0,0000039750302676
775,0000000000000000
0,0000013150311133
776,0000000000000000
-0,0000026749694371
777,0000000000000000
-0,0000053349704103
778,0000000000000000
-0,0000066649699875
779,0000000000000000
-0,0000079949695646
780,0000000000000000
-0,0000093249709607
781,0000000000000000
-0,0000079949695646
782,0000000000000000
-0,0000119849701150
783,0000000000000000
-0,0000146449710883
784,0000000000000000
-0,0000159749706654
785,0000000000000000
-0,0000186349698197
786,0000000000000000
-0,0000173049702425
787,0000000000000000
-0,0000186349698197
788,0000000000000000
-0,0000186349698197
789,0000000000000000
-0,0000212949707930
790,0000000000000000
-0,0000226249703701
791,0000000000000000
-0,0000252849713434
792,0000000000000000
-0,0000239549699472
793,0000000000000000
-0,0000226249703701
794,0000000000000000
-0,0000239549699472
795,0000000000000000
-0,0000252849713434
796,0000000000000000
-0,0000279449704976
797,0000000000000000
-0,0000292749700748
798,0000000000000000
-0,0000306049696519
799,0000000000000000
-0,0000306049696519
800,0000000000000000
-0,0000306049696519
801,0000000000000000
-0,0000292749700748
802,0000000000000000
-0,0000306049696519
803,0000000000000000
-0,0000332649688062
804,0000000000000000
-0,0000345949702023
805,0000000000000000
-0,0000345949702023
806,0000000000000000
-0,0000345949702023
807,0000000000000000
-0,0000359249715984
808,0000000000000000
-0,0000359249715984
809,0000000000000000
-0,0000385849707527
810,0000000000000000
-0,0000372549693566
811,0000000000000000
-0,0000385849707527
812,0000000000000000
-0,0000372549693566
813,0000000000000000
-0,0000372549693566
814,0000000000000000
-0,0000372549693566
815,0000000000000000
-0,0000385849707527
816,0000000000000000
-0,0000399149721488
817,0000000000000000
-0,0000385849707527
818,0000000000000000
-0,0000399149721488
819,0000000000000000
-0,0000412449699070
820,0000000000000000
-0,0000399149721488
821,0000000000000000
-0,0000362549693566
822,0000000000000000
-0,0000399149721488
823,0000000000000000
-0,0000412449699070
824,0000000000000000
-0,0000412449699070
825,0000000000000000
-0,0000412449699070
826,0000000000000000
-0,0000399149721488
827,0000000000000000
-0,0000385849707527
828,0000000000000000
-0,0000399149721488
829,0000000000000000
-0,0000385849707527
830,0000000000000000
-0,0000399149721488
831,0000000000000000
-0,0000412449699070
832,0000000000000000
-0,0000399149721488
833,0000000000000000
-0,0000385849707527
834,0000000000000000
-0,0000372549693566
835,0000000000000000
-0,0000385849707527
836,0000000000000000
-0,0000399149721488
837,0000000000000000
-0,0000399149721488
838,0000000000000000
-0,0000412449699070
839,0000000000000000
-0,0000412449699070
840,0000000000000000
-0,0000412449699070
841,0000000000000000
-0,0000399149721488
842,0000000000000000
-0,0000412449699070
843,0000000000000000
-0,0000412449699070
844,0000000000000000
-0,0000425749713031
845,0000000000000000
-0,0000412449699070
846,0000000000000000
-0,0000399149721488
847,0000000000000000
-0,0000385849707527
848,0000000000000000
-0,0000372549693566
849,0000000000000000
-0,0000385849707527
850,0000000000000000
-0,0000385849707527
851,0000000000000000
-0,0000425749713031
852,0000000000000000
-0,0000412449699070
853,0000000000000000
-0,0000399149721488
854,0000000000000000
-0,0000385849707527
855,0000000000000000
-0,0000399149721488
856,0000000000000000
-0,0000412449699070
857,0000000000000000
-0,0000425749713031
858,0000000000000000
-0,0000412449699070
859,0000000000000000
-0,0000399149721488
860,0000000000000000
-0,0000399149721488
861,0000000000000000
-0,0000385849707527
862,0000000000000000
-0,0000385849707527
863,0000000000000000
-0,0000412449699070
864,0000000000000000
-0,0000412449699070
865,0000000000000000
-0,0000412449699070
866,0000000000000000
-0,0000385849707527
867,0000000000000000
-0,0000372549693566
868,0000000000000000
-0,0000385849707527
869,0000000000000000
-0,0000385849707527
870,0000000000000000
-0,0000399149721488
871,0000000000000000
-0,0000412449699070
872,0000000000000000
-0,0000385849707527
873,0000000000000000
-0,0000372549693566
874,0000000000000000
-0,0000359249715984
875,0000000000000000
-0,0000372549693566
876,0000000000000000
-0,0000385849707527
877,0000000000000000
-0,0000372549693566
878,0000000000000000
-0,0000385849707527
879,0000000000000000
-0,0000385849707527
880,0000000000000000
-0,0000385849707527
881,0000000000000000
-0,0000359249715984
882,0000000000000000
-0,0000385849707527
883,0000000000000000
-0,0000399149721488
884,0000000000000000
-0,0000399149721488
885,0000000000000000
-0,0000385849707527
886,0000000000000000
-0,0000372549693566
887,0000000000000000
-0,0000372549693566
888,0000000000000000
-0,0000359249715984
889,0000000000000000
-0,0000372549693566
890,0000000000000000
-0,0000372549693566
891,0000000000000000
-0,0000399149721488
892,0000000000000000
-0,0000385849707527
893,0000000000000000
-0,0000359249715984
894,0000000000000000
-0,0000372549693566
895,0000000000000000
-0,0000372549693566
896,0000000000000000
-0,0000372549693566
897,0000000000000000
-0,0000372549693566
898,0000000000000000
-0,0000385849707527
899,0000000000000000
-0,0000359249715984
900,0000000000000000
-0,0000345949702023
901,0000000000000000
-0,0000345949702023
902,0000000000000000
-0,0000359249715984
903,0000000000000000
-0,0000359249715984
904,0000000000000000
-0,0000332649688062
905,0000000000000000
-0,0000332649688062
906,0000000000000000
-0,0000319349710480
907,0000000000000000
-0,0000319349710480
908,0000000000000000
-0,0000356049696519
909,0000000000000000
-0,0000319349710480
910,0000000000000000
-0,0000319349710480
911,0000000000000000
-0,0000332649688062
912,0000000000000000
-0,0000319349710480
913,0000000000000000
-0,0000306049696519
914,0000000000000000
-0,0000292749700748
915,0000000000000000
-0,0000292749700748
916,0000000000000000
-0,0000292749700748
917,0000000000000000
-0,0000306049696519
918,0000000000000000
-0,0000306049696519
919,0000000000000000
-0,0000306049696519
920,0000000000000000
-0,0000292749700748
921,0000000000000000
-0,0000279449704976
922,0000000000000000
-0,0000292749700748
923,0000000000000000
-0,0000292749700748
924,0000000000000000
-0,0000292749700748
925,0000000000000000
-0,0000279449704976
926,0000000000000000
-0,0000266149691015
927,0000000000000000
-0,0000266149691015
928,0000000000000000
-0,0000266149691015
929,0000000000000000
-0,0000292749700748
930,0000000000000000
-0,0000279449704976
931,0000000000000000
-0,0000306049696519
932,0000000000000000
-0,0000292749700748
933,0000000000000000
-0,0000279449704976
934,0000000000000000
-0,0000266149691015
935,0000000000000000
-0,0000279449704976
936,0000000000000000
-0,0000306049696519
937,0000000000000000
-0,0000306049696519
938,0000000000000000
-0,0000292749700748
939,0000000000000000
-0,0000292749700748
940,0000000000000000
-0,0000292749700748
941,0000000000000000
-0,0000279449704976
942,0000000000000000
-0,0000292749700748
943,0000000000000000
-0,0000306049696519
944,0000000000000000
-0,0000306049696519
945,0000000000000000
-0,0000306049696519
946,0000000000000000
-0,0000279449704976
947,0000000000000000
-0,0000292749700748
948,0000000000000000
-0,0000266149691015
949,0000000000000000
-0,0000279449704976
950,0000000000000000
-0,0000292749700748
951,0000000000000000
-0,0000292749700748
952,0000000000000000
-0,0000292749700748
953,0000000000000000
-0,0000266149691015
954,0000000000000000
-0,0000279449704976
955,0000000000000000
-0,0000279449704976
956,0000000000000000
-0,0000292749700748
957,0000000000000000
-0,0000279449704976
958,0000000000000000
-0,0000292749700748
959,0000000000000000
-0,0000279449704976
960,0000000000000000
-0,0000266149691015
961,0000000000000000
-0,0000252849713434
962,0000000000000000
-0,0000266149691015
963,0000000000000000
-0,0000292749700748
964,0000000000000000
-0,0000306049696519
965,0000000000000000
-0,0000292749700748
966,0000000000000000
-0,0000279449704976
967,0000000000000000
-0,0000279449704976
968,0000000000000000
-0,0000292749700748
969,0000000000000000
-0,0000306049696519
970,0000000000000000
-0,0000306049696519
971,0000000000000000
-0,0000332649688062
972,0000000000000000
-0,0000306049696519
973,0000000000000000
-0,0000306049696519
974,0000000000000000
-0,0000306049696519
975,0000000000000000
-0,0000306049696519
976,0000000000000000
-0,0000332649688062
977,0000000000000000
-0,0000332649688062
978,0000000000000000
-0,0000359349710480
979,0000000000000000
-0,0000316049696519
980,0000000000000000
-0,0000306049696519
981,0000000000000000
-0,0000292749700748
982,0000000000000000
-0,0000319349710480
983,0000000000000000
-0,0000319349710480
984,0000000000000000
-0,0000319349710480
985,0000000000000000
-0,0000319349710480
986,0000000000000000
-0,0000306049696519
987,0000000000000000
-0,0000319349710480
988,0000000000000000
-0,0000306049696519
989,0000000000000000
-0,0000332649688062
990,0000000000000000
-0,0000345949702023
991,0000000000000000
-0,0000359249715984
992,0000000000000000
-0,0000345949702023
993,0000000000000000
-0,0000332649688062
994,0000000000000000
-0,0000319349710480
995,0000000000000000
-0,0000332649688062
996,0000000000000000
-0,0000319349710480
997,0000000000000000
-0,0000332649688062
998,0000000000000000
-0,0000332649688062
999,0000000000000000
-0,0000319349710480
1000,0000000000000000
-0,0000319349710480
1001,0000000000000000
-0,0000319349710480
1002,0000000000000000
-0,0000345949702023
1003,0000000000000000
-0,0000345949702023
1004,0000000000000000
-0,0000345949702023
1005,0000000000000000
-0,0000345949702023
1006,0000000000000000
-0,0000319349710480
1007,0000000000000000
-0,0000319349710480
1008,0000000000000000
-0,0000332649688062
1009,0000000000000000
-0,0000345949702023
1010,0000000000000000
-0,0000345949702023
1011,0000000000000000
-0,0000385849707527
1012,0000000000000000
-0,0000359249715984
1013,0000000000000000
-0,0000359249715984
1014,0000000000000000
-0,0000345949702023
1015,0000000000000000
-0,0000332649688062
1016,0000000000000000
-0,0000359249715984
1017,0000000000000000
-0,0000359249715984
1018,0000000000000000
-0,0000359249715984
1019,0000000000000000
-0,0000359249715984
1020,0000000000000000
-0,0000359249715984
1021,0000000000000000
-0,0000345949702023
1022,0000000000000000
-0,0000359249715984
1023,0000000000000000
-0,0000372549693566
1024,0000000000000000
-0,0000372549693566
1025,0000000000000000
-0,0000372549693566
1026,0000000000000000
-0,0000345949702023
1027,0000000000000000
-0,0000345949702023
1028,0000000000000000
-0,0000359249715984
1029,0000000000000000
-0,0000372549693566
1030,0000000000000000
-0,0000385849707527
1031,0000000000000000
-0,0000385849707527
1032,0000000000000000
-0,0000359249715984
1033,0000000000000000
-0,0000345949702023
1034,0000000000000000
-0,0000345949702023
1035,0000000000000000
-0,0000359249715984
1036,0000000000000000
-0,0000372549693566
1037,0000000000000000
-0,0000372549693566
1038,0000000000000000
-0,0000385849707527
1039,0000000000000000
-0,0000372549693566
1040,0000000000000000
-0,0000372549693566
1041,0000000000000000
-0,0000359249715984
1042,0000000000000000
-0,0000372549693566
1043,0000000000000000
-0,0000385849707527
1044,0000000000000000
-0,0000399149721488
1045,0000000000000000
-0,0000399149721488
1046,0000000000000000
-0,0000385849707527
1047,0000000000000000
-0,0000372549693566
1048,0000000000000000
-0,0000372549693566
1049,0000000000000000
-0,0000385849707527
1050,0000000000000000
-0,0000399149721488
1051,0000000000000000
-0,0000412449699070
1052,0000000000000000
-0,0000385849707527
1053,0000000000000000
-0,0000385849707527
1054,0000000000000000
-0,0000372549693566
1055,0000000000000000
-0,0000385849707527
1056,0000000000000000
-0,0000399149721488
1057,0000000000000000
-0,0000385849707527
1058,0000000000000000
-0,0000399149721488
1059,0000000000000000
-0,0000385849707527
1060,0000000000000000
-0,0000399149721488
1061,0000000000000000
-0,0000385849707527
1062,0000000000000000
-0,0000412449699070
1063,0000000000000000
-0,0000412449699070
1064,0000000000000000
-0,0000425749713031
1065,0000000000000000
-0,0000425749713031
1066,0000000000000000
-0,0000412449699070
1067,0000000000000000
-0,0000412449699070
1068,0000000000000000
-0,0000399149721488
1069,0000000000000000
-0,0000412449699070
1070,0000000000000000
-0,0000399149721488
1071,0000000000000000
-0,0000425749713031
1072,0000000000000000
-0,0000412449699070
1073,0000000000000000
-0,0000399149721488
1074,0000000000000000
-0,0000399149721488
1075,0000000000000000
-0,0000412449699070
1076,0000000000000000
-0,0000412449699070
1077,0000000000000000
-0,0000412449699070
1078,0000000000000000
-0,0000425749713031
1079,0000000000000000
-0,0000412449699070
1080,0000000000000000
-0,0000412449699070
1081,0000000000000000
-0,0000385849707527
1082,0000000000000000
-0,0000412449699070
1083,0000000000000000
-0,0000439049690613
1084,0000000000000000
-0,0000425749713031
1085,0000000000000000
-0,0000425749713031
1086,0000000000000000
-0,0000399149721488
1087,0000000000000000
-0,0000412449699070
1088,0000000000000000
-0,0000385849707527
1089,0000000000000000
-0,0000399149721488
1090,0000000000000000
-0,0000412449699070
1091,0000000000000000
-0,0000439049690613
1092,0000000000000000
-0,0000412449699070
1093,0000000000000000
-0,0000412449699070
1094,0000000000000000
-0,0000399149721488
1095,0000000000000000
-0,0000412449699070
1096,0000000000000000
-0,0000425749713031
1097,0000000000000000
-0,0000439049690613
1098,0000000000000000
-0,0000439049690613
1099,0000000000000000
-0,0000412449699070
1100,0000000000000000
-0,0000399149721488
1101,0000000000000000
-0,0000399149721488
1102,0000000000000000
-0,0000425749713031
1103,0000000000000000
-0,0000439049690613
1104,0000000000000000
-0,0000439049690613
1105,0000000000000000
-0,0000425749713031
1106,0000000000000000
-0,0000412449699070
1107,0000000000000000
-0,0000412449699070
1108,0000000000000000
-0,0000399149721488
1109,0000000000000000
-0,0000412449699070
1110,0000000000000000
-0,0000425749713031
1111,0000000000000000
-0,0000439049690613
1112,0000000000000000
-0,0000412449699070
1113,0000000000000000
-0,0000412449699070
1114,0000000000000000
-0,0000412449699070
1115,0000000000000000
-0,0000412449699070
1116,0000000000000000
-0,0000412449699070
1117,0000000000000000
-0,0000412449699070
1118,0000000000000000
-0,0000425749713031
1119,0000000000000000
-0,0000399149721488
1120,0000000000000000
-0,0000385849707527
1121,0000000000000000
-0,0000372549693566
1122,0000000000000000
-0,0000399149721488
1123,0000000000000000
-0,0000399149721488
1124,0000000000000000
-0,0000399149721488
1125,0000000000000000
-0,0000385849707527
1126,0000000000000000
-0,0000385849707527
1127,0000000000000000
-0,0000372549693566
1128,0000000000000000
-0,0000372549693566
1129,0000000000000000
-0,0000385849707527
1130,0000000000000000
-0,0000385849707527
1131,0000000000000000
-0,0000399149721488
1132,0000000000000000
-0,0000372549693566
1133,0000000000000000
-0,0000372549693566
1134,0000000000000000
-0,0000359249715984
1135,0000000000000000
-0,0000372549693566
1136,0000000000000000
-0,0000399149721488
1137,0000000000000000
-0,0000399149721488
1138,0000000000000000
-0,0000399149721488
1139,0000000000000000
-0,0000385849707527
1140,0000000000000000
-0,0000385849707527
1141,0000000000000000
-0,0000372549693566
1142,0000000000000000
-0,0000385849707527
1143,0000000000000000
-0,0000385849707527
1144,0000000000000000
-0,0000399149721488
1145,0000000000000000
-0,0000385849707527
1146,0000000000000000
-0,0000372549693566
1147,0000000000000000
-0,0000372549693566
1148,0000000000000000
-0,0000359249715984
1149,0000000000000000
-0,0000372549693566
1150,0000000000000000
-0,0000385849707527
1151,0000000000000000
-0,0000399149721488
1152,0000000000000000
-0,0000385849707527
1153,0000000000000000
-0,0000372549693566
1154,0000000000000000
-0,0000359249715984
1155,0000000000000000
-0,0000372549693566
1156,0000000000000000
-0,0000399149721488
1157,0000000000000000
-0,0000425749713031
1158,0000000000000000
-0,0000425749713031
1159,0000000000000000
-0,0000439049690613
1160,0000000000000000
-0,0000439049690613
1161,0000000000000000
-0,0000425749713031
1162,0000000000000000
-0,0000412449699070
1163,0000000000000000
-0,0000399149721488
1164,0000000000000000
-0,0000425749713031
1165,0000000000000000
-0,0000439049690613
1166,0000000000000000
-0,0000425749713031
1167,0000000000000000
-0,0000412449699070
1168,0000000000000000
-0,0000412449699070
1169,0000000000000000
-0,0000399149721488
1170,0000000000000000
-0,0000412449699070
1171,0000000000000000
-0,0000425749713031
1172,0000000000000000
-0,0000439049690613
1173,0000000000000000
-0,0000439049690613
1174,0000000000000000
-0,0000425749713031
1175,0000000000000000
-0,0000412449699070
1176,0000000000000000
-0,0000399149721488
1177,0000000000000000
-0,0000425749713031
1178,0000000000000000
-0,0000412449699070
1179,0000000000000000
-0,0000425749713031
1180,0000000000000000
-0,0000425749713031
1181,0000000000000000
-0,0000425749713031
1182,0000000000000000
-0,0000412449699070
1183,0000000000000000
-0,0000399149721488
1184,0000000000000000
-0,0000399149721488
1185,0000000000000000
-0,0000399149721488
1186,0000000000000000
-0,0000425749713031
1187,0000000000000000
-0,0000399149721488
1188,0000000000000000
-0,0000399149721488
1189,0000000000000000
-0,0000385849707527
1190,0000000000000000
-0,0000385849707527
1191,0000000000000000
-0,0000412449699070
1192,0000000000000000
-0,0000412449699070
1193,0000000000000000
-0,0000412449699070
1194,0000000000000000
-0,0000399149721488
1195,0000000000000000
-0,0000385849707527
1196,0000000000000000
-0,0000372549693566
1197,0000000000000000
-0,0000385849707527
1198,0000000000000000
-0,0000412449699070
1199,0000000000000000
-0,0000399149721488
1200,0000000000000000
-0,0000385849707527
1201,0000000000000000
-0,0000372549693566
1202,0000000000000000
-0,0000385849707527
1203,0000000000000000
-0,0000372549693566
1204,0000000000000000
-0,0000399149721488
1205,0000000000000000
-0,0000399149721488
1206,0000000000000000
-0,0000399149721488
1207,0000000000000000
-0,0000385849707527
1208,0000000000000000
-0,0000385849707527
1209,0000000000000000
-0,0000385849707527
1210,0000000000000000
-0,0000399149721488
1211,0000000000000000
-0,0000399149721488
1212,0000000000000000
-0,0000399149721488
1213,0000000000000000
-0,0000412449699070
1214,0000000000000000
-0,0000399149721488
1215,0000000000000000
-0,0000399149721488
1216,0000000000000000
-0,0000372549693566
1217,0000000000000000
-0,0000399149721488
1218,0000000000000000
-0,0000385849707527
1219,0000000000000000
-0,0000399149721488
1220,0000000000000000
-0,0000385849707527
1221,0000000000000000
-0,0000372549693566
1222,0000000000000000
-0,0000385849707527
1223,0000000000000000
-0,0000385849707527
1224,0000000000000000
-0,0000399149721488
1225,0000000000000000
-0,0000412449699070
1226,0000000000000000
-0,0000425749713031
1227,0000000000000000
-0,0000385849707527
1228,0000000000000000
-0,0000385849707527
1229,0000000000000000
-0,0000372549693566
1230,0000000000000000
-0,0000399149721488
1231,0000000000000000
-0,0000399149721488
1232,0000000000000000
-0,0000385849707527
1233,0000000000000000
-0,0000399149721488
1234,0000000000000000
-0,0000399149721488
1235,0000000000000000
-0,0000399149721488
1236,0000000000000000
-0,0000372549693566
1237,0000000000000000
-0,0000399149721488
1238,0000000000000000
-0,0000412449699070
1239,0000000000000000
-0,0000425749713031
1240,0000000000000000
-0,0000412449699070
1241,0000000000000000
-0,0000399149721488
1242,0000000000000000
-0,0000399149721488
1243,0000000000000000
-0,0000385849707527
1244,0000000000000000
-0,0000399149721488
1245,0000000000000000
-0,0000399149721488
1246,0000000000000000
-0,0000425749713031
1247,0000000000000000
-0,0000425749713031
1248,0000000000000000
-0,0000412449699070
1249,0000000000000000
-0,0000385849707527
1250,0000000000000000
-0,0000385849707527
1251,0000000000000000
-0,0000399149721488
1252,0000000000000000
-0,0000412449699070
1253,0000000000000000
-0,0000412449699070
1254,0000000000000000
-0,0000412449699070
1255,0000000000000000
-0,0000412449699070
1256,0000000000000000
-0,0000415849707527
1257,0000000000000000
-0,0000425749713031
1258,0000000000000000
-0,0000425749713031
1259,0000000000000000
-0,0000425749713031
1260,0000000000000000
-0,0000425749713031
1261,0000000000000000
-0,0000399149721488
1262,0000000000000000
-0,0000399149721488
1263,0000000000000000
-0,0000385849707527
1264,0000000000000000
-0,0000399149721488
1265,0000000000000000
-0,0000425749713031
1266,0000000000000000
-0,0000412449699070
1267,0000000000000000
-0,0000399149721488
1268,0000000000000000
-0,0000385849707527
1269,0000000000000000
-0,0000385849707527
1270,0000000000000000
-0,0000385849707527
1271,0000000000000000
-0,0000399149721488
1272,0000000000000000
-0,0000385849707527
1273,0000000000000000
-0,0000385849707527
1274,0000000000000000
-0,0000359249715984
1275,0000000000000000
-0,0000359249715984
1276,0000000000000000
-0,0000359249715984
1277,0000000000000000
-0,0000372549693566
1278,0000000000000000
-0,0000385849707527
1279,0000000000000000
-0,0000385849707527
1280,0000000000000000
-0,0000385849707527
1281,0000000000000000
-0,0000372549693566
1282,0000000000000000
-0,0000372549693566
1283,0000000000000000
-0,0000359249715984
1284,0000000000000000
-0,0000372549693566
1285,0000000000000000
-0,0000372549693566
1286,0000000000000000
-0,0000385849707527
1287,0000000000000000
-0,0000372549693566
1288,0000000000000000
-0,0000372549693566
1289,0000000000000000
-0,0000385849707527
1290,0000000000000000
-0,0000399149721488
1291,0000000000000000
-0,0000399149721488
1292,0000000000000000
-0,0000412449699070
1293,0000000000000000
-0,0000412449699070
1294,0000000000000000
-0,0000385849707527
1295,0000000000000000
-0,0000385849707527
1296,0000000000000000
-0,0000372549693566
1297,0000000000000000
-0,0000372549693566
1298,0000000000000000
-0,0000385849707527
1299,0000000000000000
-0,0000372549693566
1300,0000000000000000
-0,0000372549693566
1301,0000000000000000
-0,0000372549693566
1302,0000000000000000
-0,0000372549693566
1303,0000000000000000
-0,0000372549693566
1304,0000000000000000
-0,0000372549693566
1305,0000000000000000
-0,0000385849707527
1306,0000000000000000
-0,0000385849707527
1307,0000000000000000
-0,0000345949702023
1308,0000000000000000
-0,0000345949702023
1309,0000000000000000
-0,0000345949702023
1310,0000000000000000
-0,0000359249715984
1311,0000000000000000
-0,0000359249715984
1312,0000000000000000
-0,0000385849707527
1313,0000000000000000
-0,0000372549693566
1314,0000000000000000
-0,0000372549693566
1315,0000000000000000
-0,0000372549693566
1316,0000000000000000
-0,0000345949702023
1317,0000000000000000
-0,0000359249715984
1318,0000000000000000
-0,0000385849707527
1319,0000000000000000
-0,0000385849707527
1320,0000000000000000
-0,0000372549693566
1321,0000000000000000
-0,0000345949702023
1322,0000000000000000
-0,0000332649688062
1323,0000000000000000
-0,0000332649688062
1324,0000000000000000
-0,0000345949702023
1325,0000000000000000
-0,0000372549693566
1326,0000000000000000
-0,0000385849707527
1327,0000000000000000
-0,0000359249715984
1328,0000000000000000
-0,0000345949702023
1329,0000000000000000
-0,0000332649688062
1330,0000000000000000
-0,0000345949702023
1331,0000000000000000
-0,0000372549693566
1332,0000000000000000
-0,0000359249715984
1333,0000000000000000
-0,0000359249715984
1334,0000000000000000
-0,0000359249715984
1335,0000000000000000
-0,0000332649688062
1336,0000000000000000
-0,0000319349710480
1337,0000000000000000
-0,0000345949702023
1338,0000000000000000
-0,0000359249715984
1339,0000000000000000
-0,0000359249715984
1340,0000000000000000
-0,0000372549693566
1341,0000000000000000
-0,0000345949702023
1342,0000000000000000
-0,0000359249715984
1343,0000000000000000
-0,0000359249715984
1344,0000000000000000
-0,0000385849707527
1345,0000000000000000
-0,0000399149721488
1346,0000000000000000
-0,0000399149721488
1347,0000000000000000
-0,0000385849707527
1348,0000000000000000
-0,0000372549693566
1349,0000000000000000
-0,0000372549693566
1350,0000000000000000
-0,0000359249715984
1351,0000000000000000
-0,0000372549693566
1352,0000000000000000
-0,0000385849707527
1353,0000000000000000
-0,0000399149721488
1354,0000000000000000
-0,0000385849707527
1355,0000000000000000
-0,0000385849707527
1356,0000000000000000
-0,0000372549693566
1357,0000000000000000
-0,0000372549693566
1358,0000000000000000
-0,0000385849707527
1359,0000000000000000
-0,0000385849707527
1360,0000000000000000
-0,0000372549693566
1361,0000000000000000
-0,0000359249715984
1362,0000000000000000
-0,0000359249715984
1363,0000000000000000
-0,0000345949702023
1364,0000000000000000
-0,0000359249715984
1365,0000000000000000
-0,0000359249715984
1366,0000000000000000
-0,0000359249715984
1367,0000000000000000
-0,0000332649688062
1368,0000000000000000
-0,0000319349710480
1369,0000000000000000
-0,0000306049696519
1370,0000000000000000
-0,0000319349710480
1371,0000000000000000
-0,0000319349710480
1372,0000000000000000
-0,0000319349710480
1373,0000000000000000
-0,0000306049696519
1374,0000000000000000
-0,0000292749700748
1375,0000000000000000
-0,0000279449704976
1376,0000000000000000
-0,0000266149691015
1377,0000000000000000
-0,0000279449704976
1378,0000000000000000
-0,0000292749700748
1379,0000000000000000
-0,0000279449704976
1380,0000000000000000
-0,0000279449704976
1381,0000000000000000
-0,0000252849713434
1382,0000000000000000
-0,0000239549699472
1383,0000000000000000
-0,0000252849713434
1384,0000000000000000
-0,0000266149691015
1385,0000000000000000
-0,0000252849713434
1386,0000000000000000
-0,0000266149691015
1387,0000000000000000
-0,0000252849713434
1388,0000000000000000
-0,0000239549699472
1389,0000000000000000
-0,0000212949707930
1390,0000000000000000
-0,0000212949707930
1391,0000000000000000
-0,0000249549699472
1392,0000000000000000
-0,0000252849713434
1393,0000000000000000
-0,0000252849713434
1394,0000000000000000
-0,0000252849713434
1395,0000000000000000
-0,0000266149691015
1396,0000000000000000
-0,0000239549699472
1397,0000000000000000
-0,0000239549699472
1398,0000000000000000
-0,0000239549699472
1399,0000000000000000
-0,0000239549699472
1400,0000000000000000
-0,0000212949707930
1401,0000000000000000
-0,0000212949707930
1402,0000000000000000
-0,0000199649693968
1403,0000000000000000
-0,0000199649693968
1404,0000000000000000
-0,0000212949707930
1405,0000000000000000
-0,0000239549699472
1406,0000000000000000
-0,0000239549699472
1407,0000000000000000
-0,0000199649693968
1408,0000000000000000
-0,0000173049702425
1409,0000000000000000
-0,0000159749706654
1410,0000000000000000
-0,0000159749706654
1411,0000000000000000
-0,0000173049702425
1412,0000000000000000
-0,0000159749706654
1413,0000000000000000
-0,0000159749706654
1414,0000000000000000
-0,0000159749706654
1415,0000000000000000
-0,0000146449710883
1416,0000000000000000
-0,0000133149696921
1417,0000000000000000
-0,0000176449710883
1418,0000000000000000
-0,0000146449710883
1419,0000000000000000
-0,0000133149696921
1420,0000000000000000
-0,0000119849701150
1421,0000000000000000
-0,0000093249709607
1422,0000000000000000
-0,0000079949695646
1423,0000000000000000
-0,0000053349704103
1424,0000000000000000
-0,0000053349704103
1425,0000000000000000
-0,0000040049708332
1426,0000000000000000
-0,0000053349704103
1427,0000000000000000
-0,0000026749694371
1428,0000000000000000
-0,0000013449716789
1429,0000000000000000
-0,0000000149702828
1430,0000000000000000
0,0000013150311133
1431,0000000000000000
0,0000013150311133
1432,0000000000000000
0,0000026450288715
1433,0000000000000000
0,0000026450288715
1434,0000000000000000
0,0000066350294219
1435,0000000000000000
0,0000092950285762
1436,0000000000000000
0,0000106150305227
1437,0000000000000000
0,0000119550313684
1438,0000000000000000
0,0000132850291266
1439,0000000000000000
0,0000132850291266
1440,0000000000000000
0,0000132850291266
1441,0000000000000000
0,0000146150305227
1442,0000000000000000
0,0000159450282808
1443,0000000000000000
0,0000172750296770
1444,0000000000000000
0,0000159450282808
1445,0000000000000000
0,0000146150305227
1446,0000000000000000
0,0000132850291266
1447,0000000000000000
0,0000146150305227
1448,0000000000000000
0,0000159450282808
1449,0000000000000000
0,0000146150305227
1450,0000000000000000
0,0000132850291266
1451,0000000000000000
0,0000106250299723
1452,0000000000000000
0,0000092950285762
1453,0000000000000000
0,0000092950285762
1454,0000000000000000
0,0000092950285762
1455,0000000000000000
0,0000066350294219
1456,0000000000000000
0,0000039750302676
1457,0000000000000000
-0,0000013449716789
1458,0000000000000000
-0,0000026749694371
1459,0000000000000000
-0,0000066649699875
1460,0000000000000000
-0,0000079949695646
1461,0000000000000000
-0,0000066649699875
1462,0000000000000000
-0,0000093249709607
1463,0000000000000000
-0,0000133149696921
1464,0000000000000000
-0,0000173049702425
1465,0000000000000000
-0,0000212949707930
1466,0000000000000000
-0,0000252849713434
1467,0000000000000000
-0,0000252849713434
1468,0000000000000000
-0,0000252849713434
1469,0000000000000000
-0,0000266149691015
1470,0000000000000000
-0,0000306049696519
1471,0000000000000000
-0,0000319349710480
1472,0000000000000000
-0,0000319349710480
1473,0000000000000000
-0,0000345949702023
1474,0000000000000000
-0,0000345949702023
1475,0000000000000000
-0,0000345949702023
1476,0000000000000000
-0,0000345949702023
1477,0000000000000000
-0,0000372549693566
1478,0000000000000000
-0,0000385849707527
1479,0000000000000000
-0,0000385849707527
1480,0000000000000000
-0,0000359249715984
1481,0000000000000000
-0,0000345949702023
1482,0000000000000000
-0,0000389249715984
1483,0000000000000000
-0,0000345949702023
1484,0000000000000000
-0,0000359249715984
1485,0000000000000000
-0,0000359249715984
1486,0000000000000000
-0,0000372549693566
1487,0000000000000000
-0,0000359249715984
1488,0000000000000000
-0,0000359249715984
1489,0000000000000000
-0,0000332649688062
1490,0000000000000000
-0,0000345949702023
1491,0000000000000000
-0,0000359249715984
1492,0000000000000000
-0,0000332649688062
1493,0000000000000000
-0,0000332649688062
1494,0000000000000000
-0,0000319349710480
1495,0000000000000000
-0,0000332649688062
1496,0000000000000000
-0,0000345949702023
1497,0000000000000000
-0,0000359249715984
1498,0000000000000000
-0,0000359249715984
1499,0000000000000000
-0,0000345949702023
1500,0000000000000000
-0,0000359249715984
1501,0000000000000000
-0,0000332649688062
1502,0000000000000000
-0,0000345949702023
1503,0000000000000000
-0,0000332649688062
1504,0000000000000000
-0,0000345949702023
1505,0000000000000000
-0,0000359249715984
1506,0000000000000000
-0,0000372549693566
1507,0000000000000000
-0,0000359249715984
1508,0000000000000000
-0,0000345949702023
1509,0000000000000000
-0,0000345949702023
1510,0000000000000000
-0,0000359249715984
1511,0000000000000000
-0,0000359249715984
1512,0000000000000000
-0,0000359249715984
1513,0000000000000000
-0,0000359249715984
1514,0000000000000000
-0,0000345949702023
1515,0000000000000000
-0,0000345949702023
1516,0000000000000000
-0,0000345949702023
1517,0000000000000000
-0,0000359249715984
1518,0000000000000000
-0,0000372549693566
1519,0000000000000000
-0,0000385849707527
1520,0000000000000000
-0,0000385849707527
1521,0000000000000000
-0,0000372549693566
1522,0000000000000000
-0,0000372549693566
1523,0000000000000000
-0,0000372549693566
1524,0000000000000000
-0,0000372549693566
1525,0000000000000000
-0,0000372549693566
1526,0000000000000000
-0,0000399149721488
1527,0000000000000000
-0,0000385849707527
1528,0000000000000000
-0,0000399149721488
1529,0000000000000000
-0,0000399149721488
1530,0000000000000000
-0,0000425749713031
1531,0000000000000000
-0,0000439049690613
1532,0000000000000000
-0,0000439049690613
1533,0000000000000000
-0,0000425749713031
1534,0000000000000000
-0,0000369149721488
1535,0000000000000000
-0,0000385849707527
1536,0000000000000000
-0,0000345949702023
1537,0000000000000000
-0,0000332649688062
1538,0000000000000000
-0,0000279449704976
1539,0000000000000000
-0,0000239549699472
1540,0000000000000000
-0,0000173049702425
1541,0000000000000000
-0,0000079949695646
1542,0000000000000000
0,0000013150311133
1543,0000000000000000
0,0000146150305227
1544,0000000000000000
0,0000265850285359
1545,0000000000000000
0,0000398850279453
1546,0000000000000000
0,0000545150287508
1547,0000000000000000
0,0000731350301066
1548,0000000000000000
0,0000930850364966
1549,0000000000000000
0,0001130350283347
1550,0000000000000000
0,0001316550333286
1551,0000000000000000
0,0001476150355302
1552,0000000000000000
0,0001622450363357
1553,0000000000000000
0,0001795350399334
1554,0000000000000000
0,0001968250289792
1555,0000000000000000
0,0002141150471289
1556,0000000000000000
0,0002300750347786
1557,0000000000000000
0,0002420450327918
1558,0000000000000000
0,0002513550280128
1559,0000000000000000
0,0002619950391818
1560,0000000000000000
0,0002739650371950
1561,0000000000000000
0,0002859350352082
1562,0000000000000000
0,0002952450304292
1563,0000000000000000
0,0002965750463773
1564,0000000000000000
0,0002925850276370
1565,0000000000000000
0,0002792850427795
1566,0000000000000000
0,0002593350363895
1567,0000000000000000
0,0002393850299995
1568,0000000000000000
0,0002181050367653
1569,0000000000000000
0,0001954950275831
1570,0000000000000000
0,0001662350405240
1571,0000000000000000
0,0001316550333286
1572,0000000000000000
0,0000984050275292
1573,0000000000000000
0,0000651550362818
1574,0000000000000000
0,0000319050268445
1575,0000000000000000
-0,0000053349704103
1576,0000000000000000
-0,0000425749713031
1577,0000000000000000
-0,0000851349686855
1578,0000000000000000
-0,0001223749713972
1579,0000000000000000
-0,0001596149668330
1580,0000000000000000
-0,0001955249608727
1581,0000000000000000
-0,0002287749666721
1582,0000000000000000
-0,0002620249870233
1583,0000000000000000
-0,0002872949698940
1584,0000000000000000
-0,0003125649527647
1585,0000000000000000
-0,0003351749619469
1586,0000000000000000
-0,0003524649655446
1587,0000000000000000
-0,0003631049767137
1588,0000000000000000
-0,0003697549691424
1589,0000000000000000
-0,0003737449587788
1590,0000000000000000
-0,0003710849559866
1591,0000000000000000
-0,0003657649795059
1592,0000000000000000
-0,0003537949523889
1593,0000000000000000
-0,0003418249543756
1594,0000000000000000
-0,0003232049639337
1595,0000000000000000
-0,0003045849734917
1596,0000000000000000
-0,0002846349671017
1597,0000000000000000
-0,0002686749794520
1598,0000000000000000
-0,0002513849758543
1599,0000000000000000
-0,0002340949722566
1600,0000000000000000
-0,0002154749672627
1601,0000000000000000
-0,0001941949594766
1602,0000000000000000
-0,0001755749690346
1603,0000000000000000
-0,0001556249771966
1604,0000000000000000
-0,0001396649749950
1605,0000000000000000
-0,0001237049727933
1606,0000000000000000
-0,0001104049733840
1607,0000000000000000
-0,0000957749725785
1608,0000000000000000
-0,0000811449717730
1609,0000000000000000
-0,0000691749737598
1610,0000000000000000
-0,0000585349698667
1611,0000000000000000
-0,0000518849701621
1612,0000000000000000
-0,0000439049690613
1613,0000000000000000
-0,0000385849707527
1614,0000000000000000
-0,0000319349710480
1615,0000000000000000
-0,0000279449704976
1616,0000000000000000
-0,0000252849713434
1617,0000000000000000
-0,0000239549699472
1618,0000000000000000
-0,0000226249703701
1619,0000000000000000
-0,0000212949707930
1620,0000000000000000
-0,0000199649693968
1621,0000000000000000
-0,0000159749706654
1622,0000000000000000
-0,0000133149696921
1623,0000000000000000
-0,0000169849701150
1624,0000000000000000
-0,0000119849701150
1625,0000000000000000
-0,0000119849701150
1626,0000000000000000
-0,0000133149696921
1627,0000000000000000
-0,0000106549705379
1628,0000000000000000
-0,0000093249709607
1629,0000000000000000
-0,0000079949695646
1630,0000000000000000
-0,0000079949695646
1631,0000000000000000
-0,0000079949695646
1632,0000000000000000
-0,0000079949695646
1633,0000000000000000
-0,0000079949695646
1634,0000000000000000
-0,0000040049708332
1635,0000000000000000
-0,0000026749694371
1636,0000000000000000
-0,0000000149702828
1637,0000000000000000
-0,0000026749694371
1638,0000000000000000
-0,0000013449716789
1639,0000000000000000
-0,0000026749694371
1640,0000000000000000
-0,0000013449716789
1641,0000000000000000
0,0000026450288715
1642,0000000000000000
0,0000039750302676
1643,0000000000000000
0,0000039750302676
1644,0000000000000000
0,0000026450288715
1645,0000000000000000
0,0000026450288715
1646,0000000000000000
0,0000013150311133
1647,0000000000000000
0,0000039750302676
1648,0000000000000000
0,0000053050280258
1649,0000000000000000
0,0000066350294219
1650,0000000000000000
0,0000092950285762
1651,0000000000000000
0,0000066350294219
1652,0000000000000000
0,0000053050280258
1653,0000000000000000
0,0000066350294219
1654,0000000000000000
0,0000079650308180
1655,0000000000000000
0,0000106250299723
1656,0000000000000000
0,0000119550313684
1657,0000000000000000
0,0000092950285762
1658,0000000000000000
0,0000079650308180
1659,0000000000000000
0,0000079650308180
1660,0000000000000000
0,0000092950285762
1661,0000000000000000
0,0000106250299723
1662,0000000000000000
0,0000119550313684
1663,0000000000000000
0,0000132850291266
1664,0000000000000000
0,0000119550313684
1665,0000000000000000
0,0000119550313684
1666,0000000000000000
0,0000119550313684
1667,0000000000000000
0,0000146150305227
1668,0000000000000000
0,0000159450282808
1669,0000000000000000
0,0000172750296770
1670,0000000000000000
0,0000172750296770
1671,0000000000000000
0,0000146150305227
1672,0000000000000000
0,0000159450282808
1673,0000000000000000
0,0000159450282808
1674,0000000000000000
0,0000172750296770
1675,0000000000000000
0,0000186050310731
1676,0000000000000000
0,0000199350288312
1677,0000000000000000
0,0000186050310731
1678,0000000000000000
0,0000172750296770
1679,0000000000000000
0,0000186050310731
1680,0000000000000000
0,0000212650302274
1681,0000000000000000
0,0000212650302274
1682,0000000000000000
0,0000225950279855
1683,0000000000000000
0,0000225950279855
1684,0000000000000000
0,0000212650302274
1685,0000000000000000
0,0000212650302274
1686,0000000000000000
0,0000212650302274
1687,0000000000000000
0,0000239250293816
1688,0000000000000000
0,0000252550307778
1689,0000000000000000
0,0000279150299320
1690,0000000000000000
0,0000279150299320
1691,0000000000000000
0,0000265850285359
1692,0000000000000000
0,0000265850285359
1693,0000000000000000
0,0000252550307778
1694,0000000000000000
0,0000279150299320
1695,0000000000000000
0,0000292450313282
1696,0000000000000000
0,0000305750327243
1697,0000000000000000
0,0000292450313282
1698,0000000000000000
0,0000292450313282
1699,0000000000000000
0,0000279150299320
1700,0000000000000000
0,0000292450313282
1701,0000000000000000
0,0000319050268445
1702,0000000000000000
0,0000305750327243
1703,0000000000000000
0,0000292450313282
1704,0000000000000000
0,0000295750327243
1705,0000000000000000
0,0000279050268445
1706,0000000000000000
0,0000332450313282
1707,0000000000000000
0,0000332350282406
1708,0000000000000000
0,0000345650296367
1709,0000000000000000
0,0000358950310329
1710,0000000000000000
0,0000358950310329
1711,0000000000000000
0,0000345650296367
1712,0000000000000000
0,0000358950310329
1713,0000000000000000
0,0000345650296367
1714,0000000000000000
0,0000358950310329
1715,0000000000000000
0,0000358950310329
1716,0000000000000000
0,0000398850279453
1717,0000000000000000
0,0000398850279453
1718,0000000000000000
0,0000398850279453
1719,0000000000000000
0,0000385550265491
1720,0000000000000000
0,0000425450307375
1721,0000000000000000
0,0000438750321337
1722,0000000000000000
0,0000452050262538
1723,0000000000000000
0,0000452050262538
1724,0000000000000000
0,0000465350276500
1725,0000000000000000
0,0000465350276500
1726,0000000000000000
0,0000465350276500
1727,0000000000000000
0,0000491950304422
1728,0000000000000000
0,0000518550332345
1729,0000000000000000
0,0000531850273546
1730,0000000000000000
0,0000531850273546
1731,0000000000000000
0,0000505250318383
1732,0000000000000000
0,0000518550332345
1733,0000000000000000
0,0000531850273546
1734,0000000000000000
0,0000571750315430
1735,0000000000000000
0,0000585050329391
1736,0000000000000000
0,0000611650320934
1737,0000000000000000
0,0000571750315430
1738,0000000000000000
0,0000571750315430
1739,0000000000000000
0,0000571750315430
1740,0000000000000000
0,0000585050329391
1741,0000000000000000
0,0000611650320934
1742,0000000000000000
0,0000638250348857
1743,0000000000000000
0,0000651550362818
1744,0000000000000000
0,0000651550362818
1745,0000000000000000
0,0000651550362818
1746,0000000000000000
0,0000651550362818
1747,0000000000000000
0,0000664850231260
1748,0000000000000000
0,0000704750273144
1749,0000000000000000
0,0000704750273144
1750,0000000000000000
0,0000704750273144
1751,0000000000000000
0,0000704750273144
1752,0000000000000000
0,0000704750273144
1753,0000000000000000
0,0000718050287105
1754,0000000000000000
0,0000744650315028
1755,0000000000000000
0,0000757950328989
1756,0000000000000000
0,0000784550356911
1757,0000000000000000
0,0000784550356911
1758,0000000000000000
0,0000784550356911
1759,0000000000000000
0,0000784550356911
1760,0000000000000000
0,0000797850225354
1761,0000000000000000
0,0000837750267237
1762,0000000000000000
0,0000851050281199
1763,0000000000000000
0,0000864350295160
1764,0000000000000000
0,0000864350295160
1765,0000000000000000
0,0000877650309121
1766,0000000000000000
0,0000864350295160
1767,0000000000000000
0,0000904250337044
1768,0000000000000000
0,0000930850364966
1769,0000000000000000
0,0000930850364966
1770,0000000000000000
0,0000957450392889
1771,0000000000000000
0,0000957450392889
1772,0000000000000000
0,0000957450392889
1773,0000000000000000
0,0000984050275292
1774,0000000000000000
0,0000997350289254
1775,0000000000000000
0,0001023950317176
1776,0000000000000000
0,0001050550345099
1777,0000000000000000
0,0001050550345099
1778,0000000000000000
0,0001050550345099
1779,0000000000000000
0,0001077150373021
1780,0000000000000000
0,0001090450386982
1781,0000000000000000
0,0001130350283347
1782,0000000000000000
0,0001156950311270
1783,0000000000000000
0,0001170250325231
1784,0000000000000000
0,0001170250325231
1785,0000000000000000
0,0001183550339192
1786,0000000000000000
0,0001196850353153
1787,0000000000000000
0,0001223450381076
1788,0000000000000000
0,0001250050263479
1789,0000000000000000
0,0001263350277441
1790,0000000000000000
0,0001289950305363
1791,0000000000000000
0,0001276650291402
1792,0000000000000000
0,0001303250319324
1793,0000000000000000
0,0001329850347247
1794,0000000000000000
0,0001356450375170
1795,0000000000000000
0,0001383050403092
1796,0000000000000000
0,0001422950299457
1797,0000000000000000
0,0001422950299457
1798,0000000000000000
0,0001449550327379
1799,0000000000000000
0,0001462850341341
1800,0000000000000000
0,0001476150355302
1801,0000000000000000
0,0001516050397186
1802,0000000000000000
0,0001529350265628
1803,0000000000000000
0,0001555950293550
1804,0000000000000000
0,0001555950293550
1805,0000000000000000
0,0001569250307512
1806,0000000000000000
0,0001582550321473
1807,0000000000000000
0,0001622450363357
1808,0000000000000000
0,0001635750377318
1809,0000000000000000
0,0001662350405240
1810,0000000000000000
0,0001675650273683
1811,0000000000000000
0,0001675650273683
1812,0000000000000000
0,0001688950287644
1813,0000000000000000
0,0001688950287644
1814,0000000000000000
0,0001715550315566
1815,0000000000000000
0,0001742150343489
1816,0000000000000000
0,0001782050385373
1817,0000000000000000
0,0001795350399334
1818,0000000000000000
0,0001795350399334
1819,0000000000000000
0,0001808650267776
1820,0000000000000000
0,0001835250295699
1821,0000000000000000
0,0001861850323621
1822,0000000000000000
0,0001875150337582
1823,0000000000000000
0,0001888450351544
1824,0000000000000000
0,0001915050379466
1825,0000000000000000
0,0001928350393428
1826,0000000000000000
0,0001915050379466
1827,0000000000000000
0,0001954950275831
1828,0000000000000000
0,0001981550303753
1829,0000000000000000
0,0001994850317715
1830,0000000000000000
0,0002008150331676
1831,0000000000000000
0,0002008150331676
1832,0000000000000000
0,0002021450345637
1833,0000000000000000
0,0002021450345637
1834,0000000000000000
0,0002048050373560
1835,0000000000000000
0,0002074650401482
1836,0000000000000000
0,0002101250283886
1837,0000000000000000
0,0002101250283886
1838,0000000000000000
0,0002101250283886
1839,0000000000000000
0,0002101250283886
1840,0000000000000000
0,0002114550443366
1841,0000000000000000
0,0002127850311808
1842,0000000000000000
0,0002141150471289
1843,0000000000000000
0,0002154450339731
1844,0000000000000000
0,0002141150471289
1845,0000000000000000
0,0002141150471289
1846,0000000000000000
0,0002141150471289
1847,0000000000000000
0,0002154450339731
1848,0000000000000000
0,0002181050367653
1849,0000000000000000
0,0002181050367653
1850,0000000000000000
0,0002181050367653
1851,0000000000000000
0,0002154450339731
1852,0000000000000000
0,0002207750208173
1853,0000000000000000
0,0002191050367653
1854,0000000000000000
0,0002194350236095
1855,0000000000000000
0,0002194350236095
1856,0000000000000000
0,0002207650395576
1857,0000000000000000
0,0002181050367653
1858,0000000000000000
0,0002181050367653
1859,0000000000000000
0,0002167750208173
1860,0000000000000000
0,0002167750208173
1861,0000000000000000
0,0002181050367653
1862,0000000000000000
0,0002154450339731
1863,0000000000000000
0,0002154450339731
1864,0000000000000000
0,0002141150471289
1865,0000000000000000
0,0002114550443366
1866,0000000000000000
0,0002087950269924
1867,0000000000000000
0,0002101250283886
1868,0000000000000000
0,0002101250283886
1869,0000000000000000
0,0002074650401482
1870,0000000000000000
0,0002061350387521
1871,0000000000000000
0,0002021450345637
1872,0000000000000000
0,0001994850317715
1873,0000000000000000
0,0001954950275831
1874,0000000000000000
0,0001954950275831
1875,0000000000000000
0,0001941650261870
1876,0000000000000000
0,0001941650261870
1877,0000000000000000
0,0001888450351544
1878,0000000000000000
0,0001835250295699
1879,0000000000000000
0,0001795350399334
1880,0000000000000000
0,0001755450357450
1881,0000000000000000
0,0001742150343489
1882,0000000000000000
0,0001715550315566
1883,0000000000000000
0,0001688950287644
1884,0000000000000000
0,0001609150349395
1885,0000000000000000
0,0001582550321473
1886,0000000000000000
0,0001516050397186
1887,0000000000000000
0,0001489450369263
1888,0000000000000000
0,0001449550327379
1889,0000000000000000
0,0001422950299457
1890,0000000000000000
0,0001369750389131
1891,0000000000000000
0,0001329850347247
1892,0000000000000000
0,0001276650291402
1893,0000000000000000
0,0001223450381076
1894,0000000000000000
0,0001196850353153
1895,0000000000000000
0,0001170250325231
1896,0000000000000000
0,0001130350283347
1897,0000000000000000
0,0001063850359060
1898,0000000000000000
0,0000997350289254
1899,0000000000000000
0,0000970750406850
1900,0000000000000000
0,0000917550351005
1901,0000000000000000
0,0000904250337044
1902,0000000000000000
0,0000864350295160
1903,0000000000000000
0,0000824450253276
1904,0000000000000000
0,0000771250342950
1905,0000000000000000
0,0000731350301066
1906,0000000000000000
0,0000691450259183
1907,0000000000000000
0,0000664850231260
1908,0000000000000000
0,0000638250348857
1909,0000000000000000
0,0000611650320934
1910,0000000000000000
0,0000571750315430
1911,0000000000000000
0,0000518550332345
1912,0000000000000000
0,0000491950304422
1913,0000000000000000
0,0000452050262538
1914,0000000000000000
0,0000425450307375
1915,0000000000000000
0,0000398850279453
1916,0000000000000000
0,0000385550265491
1917,0000000000000000
0,0000332350282406
1918,0000000000000000
0,0000292450313282
1919,0000000000000000
0,0000252550307778
1920,0000000000000000
0,0000225950279855
1921,0000000000000000
0,0000212650302274
1922,0000000000000000
0,0000199350288312
1923,0000000000000000
0,0000159450282808
1924,0000000000000000
0,0000119550313684
1925,0000000000000000
0,0000106250299723
1926,0000000000000000
0,0000053050280258
1927,0000000000000000
0,0000053050280258
1928,0000000000000000
0,0000053050280258
1929,0000000000000000
0,0000039750302676
1930,0000000000000000
0,0000013150311133
1931,0000000000000000
-0,0000026749694371
1932,0000000000000000
-0,0000053349704103
1933,0000000000000000
-0,0000066649699875
1934,0000000000000000
-0,0000079949695646
1935,0000000000000000
-0,0000093249709607
1936,0000000000000000
-0,0000079949695646
1937,0000000000000000
-0,0000119849701150
1938,0000000000000000
-0,0000146449710883
1939,0000000000000000
-0,0000159749706654
1940,0000000000000000
-0,0000186349698197
1941,0000000000000000
-0,0000173049702425
1942,0000000000000000
-0,0000186349698197
1943,0000000000000000
-0,0000186349698197
1944,0000000000000000
-0,0000212949707930
1945,0000000000000000
-0,0000226249703701
1946,0000000000000000
-0,0000252849713434
1947,0000000000000000
-0,0000239549699472
1948,0000000000000000
-0,0000226249703701
1949,0000000000000000
-0,0000239549699472
1950,0000000000000000
-0,0000252849713434
1951,0000000000000000
-0,0000279449704976
1952,0000000000000000
-0,0000292749700748
1953,0000000000000000
-0,0000306049696519
1954,0000000000000000
-0,0000306049696519
1955,0000000000000000
-0,0000306049696519
1956,0000000000000000
-0,0000292749700748
1957,0000000000000000
-0,0000306049696519
1958,0000000000000000
-0,0000332649688062
1959,0000000000000000
-0,0000345949702023
1960,0000000000000000
-0,0000345949702023
1961,0000000000000000
-0,0000345949702023
1962,0000000000000000
-0,0000359249715984
1963,0000000000000000
-0,0000359249715984
1964,0000000000000000
-0,0000385849707527
1965,0000000000000000
-0,0000372549693566
1966,0000000000000000
-0,0000385849707527
1967,0000000000000000
-0,0000372549693566
1968,0000000000000000
-0,0000372549693566
1969,0000000000000000
-0,0000372549693566
1970,0000000000000000
-0,0000385849707527
1971,0000000000000000
-0,0000399149721488
1972,0000000000000000
-0,0000385849707527
1973,0000000000000000
-0,0000399149721488
1974,0000000000000000
-0,0000412449699070
1975,0000000000000000
-0,0000399149721488
1976,0000000000000000
-0,0000362549693566
1977,0000000000000000
-0,0000399149721488
1978,0000000000000000
-0,0000412449699070
1979,0000000000000000
-0,0000412449699070
1980,0000000000000000
-0,0000412449699070
1981,0000000000000000
-0,0000399149721488
1982,0000000000000000
-0,0000385849707527
1983,0000000000000000
-0,0000399149721488
1984,0000000000000000
-0,0000385849707527
1985,0000000000000000
-0,0000399149721488
1986,0000000000000000
-0,0000412449699070
1987,0000000000000000
-0,0000399149721488
1988,0000000000000000
-0,0000385849707527
1989,0000000000000000
-0,0000372549693566
1990,0000000000000000
-0,0000385849707527
1991,0000000000000000
-0,0000399149721488
1992,0000000000000000
-0,0000399149721488
1993,0000000000000000
-0,0000412449699070
1994,0000000000000000
-0,0000412449699070
1995,0000000000000000
-0,0000412449699070
1996,0000000000000000
-0,0000399149721488
1997,0000000000000000
-0,0000412449699070
1998,0000000000000000
-0,0000412449699070
1999,0000000000000000
-0,0000425749713031
2000,0000000000000000
-0,0000412449699070
2001,0000000000000000
-0,0000399149721488
2002,0000000000000000
-0,0000385849707527
2003,0000000000000000
-0,0000372549693566
2004,0000000000000000
-0,0000385849707527
2005,0000000000000000
-0,0000385849707527
2006,0000000000000000
-0,0000425749713031
2007,0000000000000000
-0,0000412449699070
2008,0000000000000000
-0,0000399149721488
2009,0000000000000000
-0,0000385849707527
2010,0000000000000000
-0,0000399149721488
2011,0000000000000000
-0,0000412449699070
2012,0000000000000000
-0,0000425749713031
2013,0000000000000000
-0,0000412449699070
2014,0000000000000000
-0,0000399149721488
2015,0000000000000000
-0,0000399149721488
2016,0000000000000000
-0,0000385849707527
2017,0000000000000000
-0,0000385849707527
2018,0000000000000000
-0,0000412449699070
2019,0000000000000000
-0,0000412449699070
2020,0000000000000000
-0,0000412449699070
2021,0000000000000000
-0,0000385849707527
2022,0000000000000000
-0,0000372549693566
2023,0000000000000000
-0,0000385849707527
2024,0000000000000000
-0,0000385849707527
2025,0000000000000000
-0,0000399149721488
2026,0000000000000000
-0,0000412449699070
2027,0000000000000000
-0,0000385849707527
2028,0000000000000000
-0,0000372549693566
2029,0000000000000000
-0,0000359249715984
2030,0000000000000000
-0,0000372549693566
2031,0000000000000000
-0,0000385849707527
2032,0000000000000000
-0,0000372549693566
2033,0000000000000000
-0,0000385849707527
2034,0000000000000000
-0,0000385849707527
2035,0000000000000000
-0,0000385849707527
2036,0000000000000000
-0,0000359249715984
2037,0000000000000000
-0,0000385849707527
2038,0000000000000000
-0,0000399149721488
2039,0000000000000000
-0,0000399149721488
2040,0000000000000000
-0,0000385849707527
2041,0000000000000000
-0,0000372549693566
2042,0000000000000000
-0,0000372549693566
2043,0000000000000000
-0,0000359249715984
2044,0000000000000000
-0,0000372549693566
2045,0000000000000000
-0,0000372549693566
2046,0000000000000000
-0,0000399149721488
2047,0000000000000000
-0,0000385849707527
2048,0000000000000000
-0,0000359249715984
2049,0000000000000000
-0,0000372549693566
2050,0000000000000000
-0,0000372549693566
2051,0000000000000000
-0,0000372549693566
2052,0000000000000000
-0,0000372549693566
2053,0000000000000000
-0,0000385849707527
2054,0000000000000000
-0,0000359249715984
2055,0000000000000000
-0,0000345949702023
2056,0000000000000000
-0,0000345949702023
2057,0000000000000000
-0,0000359249715984
2058,0000000000000000
-0,0000359249715984
2059,0000000000000000
-0,0000332649688062
2060,0000000000000000
-0,0000332649688062
2061,0000000000000000
-0,0000319349710480
2062,0000000000000000
-0,0000319349710480
2063,0000000000000000
-0,0000356049696519
2064,0000000000000000
-0,0000319349710480
2065,0000000000000000
-0,0000319349710480
2066,0000000000000000
-0,0000332649688062
2067,0000000000000000
-0,0000319349710480
2068,0000000000000000
-0,0000306049696519
2069,0000000000000000
-0,0000292749700748
2070,0000000000000000
-0,0000292749700748
2071,0000000000000000
-0,0000292749700748
2072,0000000000000000
-0,0000306049696519
2073,0000000000000000
-0,0000306049696519
2074,0000000000000000
-0,0000306049696519
2075,0000000000000000
-0,0000292749700748
2076,0000000000000000
-0,0000279449704976
2077,0000000000000000
-0,0000292749700748
2078,0000000000000000
-0,0000292749700748
2079,0000000000000000
-0,0000292749700748
2080,0000000000000000
-0,0000279449704976
2081,0000000000000000
-0,0000266149691015
2082,0000000000000000
-0,0000266149691015
2083,0000000000000000
-0,0000266149691015
2084,0000000000000000
-0,0000292749700748
2085,0000000000000000
-0,0000279449704976
2086,0000000000000000
-0,0000306049696519
2087,0000000000000000
-0,0000292749700748
2088,0000000000000000
-0,0000279449704976
2089,0000000000000000
-0,0000266149691015
2090,0000000000000000
-0,0000279449704976
2091,0000000000000000
-0,0000306049696519
2092,0000000000000000
-0,0000306049696519
2093,0000000000000000
-0,0000292749700748
2094,0000000000000000
-0,0000292749700748
2095,0000000000000000
-0,0000292749700748
2096,0000000000000000
-0,0000279449704976
2097,0000000000000000
-0,0000292749700748
2098,0000000000000000
-0,0000306049696519
2099,0000000000000000
-0,0000306049696519
2100,0000000000000000
-0,0000306049696519
2101,0000000000000000
-0,0000279449704976
2102,0000000000000000
-0,0000292749700748
2103,0000000000000000
-0,0000266149691015
2104,0000000000000000
-0,0000279449704976
2105,0000000000000000
-0,0000292749700748
2106,0000000000000000
-0,0000292749700748
2107,0000000000000000
-0,0000292749700748
2108,0000000000000000
-0,0000266149691015
2109,0000000000000000
-0,0000279449704976
2110,0000000000000000
-0,0000279449704976
2111,0000000000000000
-0,0000292749700748
2112,0000000000000000
-0,0000279449704976
2113,0000000000000000
-0,0000292749700748
2114,0000000000000000
-0,0000279449704976
2115,0000000000000000
-0,0000266149691015
2116,0000000000000000
-0,0000252849713434
2117,0000000000000000
-0,0000266149691015
2118,0000000000000000
-0,0000292749700748
2119,0000000000000000
-0,0000306049696519
2120,0000000000000000
-0,0000292749700748
2121,0000000000000000
-0,0000279449704976
2122,0000000000000000
-0,0000279449704976
2123,0000000000000000
-0,0000292749700748
2124,0000000000000000
-0,0000306049696519
2125,0000000000000000
-0,0000306049696519
2126,0000000000000000
-0,0000332649688062
2127,0000000000000000
-0,0000306049696519
2128,0000000000000000
-0,0000306049696519
2129,0000000000000000
-0,0000306049696519
2130,0000000000000000
-0,0000306049696519
2131,0000000000000000
-0,0000332649688062
2132,0000000000000000
-0,0000332649688062
2133,0000000000000000
-0,0000359349710480
2134,0000000000000000
-0,0000316049696519
2135,0000000000000000
-0,0000306049696519
2136,0000000000000000
-0,0000292749700748
2137,0000000000000000
-0,0000319349710480
2138,0000000000000000
-0,0000319349710480
2139,0000000000000000
-0,0000319349710480
2140,0000000000000000
-0,0000319349710480
2141,0000000000000000
-0,0000306049696519
2142,0000000000000000
-0,0000319349710480
2143,0000000000000000
-0,0000306049696519
2144,0000000000000000
-0,0000332649688062
2145,0000000000000000
-0,0000345949702023
2146,0000000000000000
-0,0000359249715984
2147,0000000000000000
-0,0000345949702023
2148,0000000000000000
-0,0000332649688062
2149,0000000000000000
-0,0000319349710480
2150,0000000000000000
-0,0000332649688062
2151,0000000000000000
-0,0000319349710480
2152,0000000000000000
-0,0000332649688062
2153,0000000000000000
-0,0000332649688062
2154,0000000000000000
-0,0000319349710480
2155,0000000000000000
-0,0000319349710480
2156,0000000000000000
-0,0000319349710480
2157,0000000000000000
-0,0000345949702023
2158,0000000000000000
-0,0000345949702023
2159,0000000000000000
-0,0000345949702023
2160,0000000000000000
-0,0000345949702023
2161,0000000000000000
-0,0000319349710480
2162,0000000000000000
-0,0000319349710480
2163,0000000000000000
-0,0000332649688062
2164,0000000000000000
-0,0000345949702023
2165,0000000000000000
-0,0000345949702023
2166,0000000000000000
-0,0000385849707527
2167,0000000000000000
-0,0000359249715984
2168,0000000000000000
-0,0000359249715984
2169,0000000000000000
-0,0000345949702023
2170,0000000000000000
-0,0000332649688062
2171,0000000000000000
-0,0000359249715984
2172,0000000000000000
-0,0000359249715984
2173,0000000000000000
-0,0000359249715984
2174,0000000000000000
-0,0000359249715984
2175,0000000000000000
-0,0000359249715984
2176,0000000000000000
-0,0000345949702023
2177,0000000000000000
-0,0000359249715984
2178,0000000000000000
-0,0000372549693566
2179,0000000000000000
-0,0000372549693566
2180,0000000000000000
-0,0000372549693566
2181,0000000000000000
-0,0000345949702023
2182,0000000000000000
-0,0000345949702023
2183,0000000000000000
-0,0000359249715984
2184,0000000000000000
-0,0000372549693566
2185,0000000000000000
-0,0000385849707527
2186,0000000000000000
-0,0000385849707527
2187,0000000000000000
-0,0000359249715984
2188,0000000000000000
-0,0000345949702023
2189,0000000000000000
-0,0000345949702023
2190,0000000000000000
-0,0000359249715984
2191,0000000000000000
-0,0000372549693566
2192,0000000000000000
-0,0000372549693566
2193,0000000000000000
-0,0000385849707527
2194,0000000000000000
-0,0000372549693566
2195,0000000000000000
-0,0000372549693566
2196,0000000000000000
-0,0000359249715984
2197,0000000000000000
-0,0000372549693566
2198,0000000000000000
-0,0000385849707527
2199,0000000000000000
-0,0000399149721488
2200,0000000000000000
-0,0000399149721488
2201,0000000000000000
-0,0000385849707527
2202,0000000000000000
-0,0000372549693566
2203,0000000000000000
-0,0000372549693566
2204,0000000000000000
-0,0000385849707527
2205,0000000000000000
-0,0000399149721488
2206,0000000000000000
-0,0000412449699070
2207,0000000000000000
-0,0000385849707527
2208,0000000000000000
-0,0000385849707527
2209,0000000000000000
-0,0000372549693566
2210,0000000000000000
-0,0000385849707527
2211,0000000000000000
-0,0000399149721488
2212,0000000000000000
-0,0000385849707527
2213,0000000000000000
-0,0000399149721488
2214,0000000000000000
-0,0000385849707527
2215,0000000000000000
-0,0000399149721488
2216,0000000000000000
-0,0000385849707527
2217,0000000000000000
-0,0000412449699070
2218,0000000000000000
-0,0000412449699070
2219,0000000000000000
-0,0000425749713031
2220,0000000000000000
-0,0000425749713031
2221,0000000000000000
-0,0000412449699070
2222,0000000000000000
-0,0000412449699070
2223,0000000000000000
-0,0000399149721488
2224,0000000000000000
-0,0000412449699070
2225,0000000000000000
-0,0000399149721488
2226,0000000000000000
-0,0000425749713031
2227,0000000000000000
-0,0000412449699070
2228,0000000000000000
-0,0000399149721488
2229,0000000000000000
-0,0000399149721488
2230,0000000000000000
-0,0000412449699070
2231,0000000000000000
-0,0000412449699070
2232,0000000000000000
-0,0000412449699070
2233,0000000000000000
-0,0000425749713031
2234,0000000000000000
-0,0000412449699070
2235,0000000000000000
-0,0000412449699070
2236,0000000000000000
-0,0000385849707527
2237,0000000000000000
-0,0000412449699070
2238,0000000000000000
-0,0000439049690613
2239,0000000000000000
-0,0000425749713031
2240,0000000000000000
-0,0000425749713031
2241,0000000000000000
-0,0000399149721488
2242,0000000000000000
-0,0000412449699070
2243,0000000000000000
-0,0000385849707527
2244,0000000000000000
-0,0000399149721488
2245,0000000000000000
-0,0000412449699070
2246,0000000000000000
-0,0000439049690613
2247,0000000000000000
-0,0000412449699070
2248,0000000000000000
-0,0000412449699070
2249,0000000000000000
-0,0000399149721488
2250,0000000000000000
-0,0000412449699070
2251,0000000000000000
-0,0000425749713031
2252,0000000000000000
-0,0000439049690613
2253,0000000000000000
-0,0000439049690613
2254,0000000000000000
-0,0000412449699070
2255,0000000000000000
-0,0000399149721488
2256,0000000000000000
-0,0000399149721488
2257,0000000000000000
-0,0000425749713031
2258,0000000000000000
-0,0000439049690613
2259,0000000000000000
-0,0000439049690613
2260,0000000000000000
-0,0000425749713031
2261,0000000000000000
-0,0000412449699070
2262,0000000000000000
-0,0000412449699070
2263,0000000000000000
-0,0000399149721488
2264,0000000000000000
-0,0000412449699070
2265,0000000000000000
-0,0000425749713031
2266,0000000000000000
-0,0000439049690613
2267,0000000000000000
-0,0000412449699070
2268,0000000000000000
-0,0000412449699070
2269,0000000000000000
-0,0000412449699070
2270,0000000000000000
-0,0000412449699070
2271,0000000000000000
-0,0000412449699070
2272,0000000000000000
-0,0000412449699070
2273,0000000000000000
-0,0000425749713031
2274,0000000000000000
-0,0000399149721488
2275,0000000000000000
-0,0000385849707527
2276,0000000000000000
-0,0000372549693566
2277,0000000000000000
-0,0000399149721488
2278,0000000000000000
-0,0000399149721488
2279,0000000000000000
-0,0000399149721488
2280,0000000000000000
-0,0000385849707527
2281,0000000000000000
-0,0000385849707527
2282,0000000000000000
-0,0000372549693566
2283,0000000000000000
-0,0000372549693566
2284,0000000000000000
-0,0000385849707527
2285,0000000000000000
-0,0000385849707527
2286,0000000000000000
-0,0000399149721488
2287,0000000000000000
-0,0000372549693566
2288,0000000000000000
-0,0000372549693566
2289,0000000000000000
-0,0000359249715984
2290,0000000000000000
-0,0000372549693566
2291,0000000000000000
-0,0000399149721488
2292,0000000000000000
-0,0000399149721488
2293,0000000000000000
-0,0000399149721488
2294,0000000000000000
-0,0000385849707527
2295,0000000000000000
-0,0000385849707527
2296,0000000000000000
-0,0000372549693566
2297,0000000000000000
-0,0000385849707527
2298,0000000000000000
-0,0000385849707527
2299,0000000000000000
-0,0000399149721488
2300,0000000000000000
-0,0000385849707527
2301,0000000000000000
-0,0000372549693566
2302,0000000000000000
-0,0000372549693566
2303,0000000000000000
-0,0000359249715984
2304,0000000000000000
-0,0000372549693566
2305,0000000000000000
-0,0000385849707527
2306,0000000000000000
-0,0000399149721488
2307,0000000000000000
-0,0000385849707527
2308,0000000000000000
-0,0000372549693566
2309,0000000000000000
-0,0000359249715984
2310,0000000000000000
-0,0000372549693566