1
-0,0000399149721488
2
-0,0000425749713031
3
-0,0000425749713031
4
-0,0000439049690613
5
-0,0000439049690613
6
-0,0000425749713031
7
-0,0000412449699070
8
-0,0000399149721488
9
-0,0000425749713031
10
-0,0000439049690613
11
-0,0000425749713031
12
-0,0000412449699070
13
-0,0000412449699070
14
-0,0000399149721488
15
-0,0000412449699070
16
-0,0000425749713031
17
-0,0000439049690613
18
-0,0000439049690613
19
-0,0000425749713031
20
-0,0000412449699070
21
-0,0000399149721488
22
-0,0000425749713031
23
-0,0000412449699070
24
-0,0000425749713031
25
-0,0000425749713031
26
-0,0000425749713031
27
-0,0000412449699070
28
-0,0000399149721488
29
-0,0000399149721488
30
-0,0000399149721488
31
-0,0000425749713031
32
-0,0000399149721488
33
-0,0000399149721488
34
-0,0000385849707527
35
-0,0000385849707527
36
-0,0000412449699070
37
-0,0000412449699070
38
-0,0000412449699070
39
-0,0000399149721488
40
-0,0000385849707527
41
-0,0000372549693566
42
-0,0000385849707527
43
-0,0000412449699070
44
-0,0000399149721488
45
-0,0000385849707527
46
-0,0000372549693566
47
-0,0000385849707527
48
-0,0000372549693566
49
-0,0000399149721488
50
-0,0000399149721488
51
-0,0000399149721488
52
-0,0000385849707527
53
-0,0000385849707527
54
-0,0000385849707527
55
-0,0000399149721488
56
-0,0000399149721488
57
-0,0000399149721488
58
-0,0000412449699070
59
-0,0000399149721488
60
-0,0000399149721488
61
-0,0000372549693566
62
-0,0000399149721488
63
-0,0000385849707527
64
-0,0000399149721488
65
-0,0000385849707527
66
-0,0000372549693566
67
-0,0000385849707527
68
-0,0000385849707527
69
-0,0000399149721488
70
-0,0000412449699070
71
-0,0000425749713031
72
-0,0000385849707527
73
-0,0000385849707527
74
-0,0000372549693566
75
-0,0000399149721488
76
-0,0000399149721488
77
-0,0000385849707527
78
-0,0000399149721488
79
-0,0000399149721488
80
-0,0000399149721488
81
-0,0000372549693566
82
-0,0000399149721488
83
-0,0000412449699070
84
-0,0000425749713031
85
-0,0000412449699070
86
-0,0000399149721488
87
-0,0000399149721488
88
-0,0000385849707527
89
-0,0000399149721488
90
-0,0000399149721488
91
-0,0000425749713031
92
-0,0000425749713031
93
-0,0000412449699070
94
-0,0000385849707527
95
-0,0000385849707527
96
-0,0000399149721488
97
-0,0000412449699070
98
-0,0000412449699070
99
-0,0000412449699070
100
-0,0000412449699070
101
-0,0000415849707527
102
-0,0000425749713031
103
-0,0000425749713031
104
-0,0000425749713031
105
-0,0000425749713031
106
-0,0000399149721488
107
-0,0000399149721488
108
-0,0000385849707527
109
-0,0000399149721488
110
-0,0000425749713031
111
-0,0000412449699070
112
-0,0000399149721488
113
-0,0000385849707527
114
-0,0000385849707527
115
-0,0000385849707527
116
-0,0000399149721488
117
-0,0000385849707527
118
-0,0000385849707527
119
-0,0000359249715984
120
-0,0000359249715984
121
-0,0000359249715984
122
-0,0000372549693566
123
-0,0000385849707527
124
-0,0000385849707527
125
-0,0000385849707527
126
-0,0000372549693566
127
-0,0000372549693566
128
-0,0000359249715984
129
-0,0000372549693566
130
-0,0000372549693566
131
-0,0000385849707527
132
-0,0000372549693566
133
-0,0000372549693566
134
-0,0000385849707527
135
-0,0000399149721488
136
-0,0000399149721488
137
-0,0000412449699070
138
-0,0000412449699070
139
-0,0000385849707527
140
-0,0000385849707527
141
-0,0000372549693566
142
-0,0000372549693566
143
-0,0000385849707527
144
-0,0000372549693566
145
-0,0000372549693566
146
-0,0000372549693566
147
-0,0000372549693566
148
-0,0000372549693566
149
-0,0000372549693566
150
-0,0000385849707527
151
-0,0000385849707527
152
-0,0000345949702023
153
-0,0000345949702023
154
-0,0000345949702023
155
-0,0000359249715984
156
-0,0000359249715984
157
-0,0000385849707527
158
-0,0000372549693566
159
-0,0000372549693566
160
-0,0000372549693566
161
-0,0000345949702023
162
-0,0000359249715984
163
-0,0000385849707527
164
-0,0000385849707527
165
-0,0000372549693566
166
-0,0000345949702023
167
-0,0000332649688062
168
-0,0000332649688062
169
-0,0000345949702023
170
-0,0000372549693566
171
-0,0000385849707527
172
-0,0000359249715984
173
-0,0000345949702023
174
-0,0000332649688062
175
-0,0000345949702023
176
-0,0000372549693566
177
-0,0000359249715984
178
-0,0000359249715984
179
-0,0000359249715984
180
-0,0000332649688062
181
-0,0000319349710480
182
-0,0000345949702023
183
-0,0000359249715984
184
-0,0000359249715984
185
-0,0000372549693566
186
-0,0000345949702023
187
-0,0000359249715984
188
-0,0000359249715984
189
-0,0000385849707527
190
-0,0000399149721488
191
-0,0000399149721488
192
-0,0000385849707527
193
-0,0000372549693566
194
-0,0000372549693566
195
-0,0000359249715984
196
-0,0000372549693566
197
-0,0000385849707527
198
-0,0000399149721488
199
-0,0000385849707527
200
-0,0000385849707527
201
-0,0000372549693566
202
-0,0000372549693566
203
-0,0000385849707527
204
-0,0000385849707527
205
-0,0000372549693566
206
-0,0000359249715984
207
-0,0000359249715984
208
-0,0000345949702023
209
-0,0000359249715984
210
-0,0000359249715984
211
-0,0000359249715984
212
-0,0000332649688062
213
-0,0000319349710480
214
-0,0000306049696519
215
-0,0000319349710480
216
-0,0000319349710480
217
-0,0000319349710480
218
-0,0000306049696519
219
-0,0000292749700748
220
-0,0000279449704976
221
-0,0000266149691015
222
-0,0000279449704976
223
-0,0000292749700748
224
-0,0000279449704976
225
-0,0000279449704976
226
-0,0000252849713434
227
-0,0000239549699472
228
-0,0000252849713434
229
-0,0000266149691015
230
-0,0000252849713434
231
-0,0000266149691015
232
-0,0000252849713434
233
-0,0000239549699472
234
-0,0000212949707930
235
-0,0000212949707930
236
-0,0000249549699472
237
-0,0000252849713434
238
-0,0000252849713434
239
-0,0000252849713434
240
-0,0000266149691015
241
-0,0000239549699472
242
-0,0000239549699472
243
-0,0000239549699472
244
-0,0000239549699472
245
-0,0000212949707930
246
-0,0000212949707930
247
-0,0000199649693968
248
-0,0000199649693968
249
-0,0000212949707930
250
-0,0000239549699472
251
-0,0000239549699472
252
-0,0000199649693968
253
-0,0000173049702425
254
-0,0000159749706654
255
-0,0000159749706654
256
-0,0000173049702425
257
-0,0000159749706654
258
-0,0000159749706654
259
-0,0000159749706654
260
-0,0000146449710883
261
-0,0000133149696921
262
-0,0000176449710883
263
-0,0000146449710883
264
-0,0000133149696921
265
-0,0000119849701150
266
-0,0000093249709607
267
-0,0000079949695646
268
-0,0000053349704103
269
-0,0000053349704103
270
-0,0000040049708332
271
-0,0000053349704103
272
-0,0000026749694371
273
-0,0000013449716789
274
-0,0000000149702828
275
0,0000013150311133
276
0,0000013150311133
277
0,0000026450288715
278
0,0000026450288715
279
0,0000066350294219
280
0,0000092950285762
281
0,0000106150305227
282
0,0000119550313684
283
0,0000132850291266
284
0,0000132850291266
285
0,0000132850291266
286
0,0000146150305227
287
0,0000159450282808
288
0,0000172750296770
289
0,0000159450282808
290
0,0000146150305227
291
0,0000132850291266
292
0,0000146150305227
293
0,0000159450282808
294
0,0000146150305227
295
0,0000132850291266
296
0,0000106250299723
297
0,0000092950285762
298
0,0000092950285762
299
0,0000092950285762
300
0,0000066350294219
301
0,0000039750302676
302
-0,0000013449716789
303
-0,0000026749694371
304
-0,0000066649699875
305
-0,0000079949695646
306
-0,0000066649699875
307
-0,0000093249709607
308
-0,0000133149696921
309
-0,0000173049702425
310
-0,0000212949707930
311
-0,0000252849713434
312
-0,0000252849713434
313
-0,0000252849713434
314
-0,0000266149691015
315
-0,0000306049696519
316
-0,0000319349710480
317
-0,0000319349710480
318
-0,0000345949702023
319
-0,0000345949702023
320
-0,0000345949702023
321
-0,0000345949702023
322
-0,0000372549693566
323
-0,0000385849707527
324
-0,0000385849707527
325
-0,0000359249715984
326
-0,0000345949702023
327
-0,0000389249715984
328
-0,0000345949702023
329
-0,0000359249715984
330
-0,0000359249715984
331
-0,0000372549693566
332
-0,0000359249715984
333
-0,0000359249715984
334
-0,0000332649688062
335
-0,0000345949702023
336
-0,0000359249715984
337
-0,0000332649688062
338
-0,0000332649688062
339
-0,0000319349710480
340
-0,0000332649688062
341
-0,0000345949702023
342
-0,0000359249715984
343
-0,0000359249715984
344
-0,0000345949702023
345
-0,0000359249715984
346
-0,0000332649688062
347
-0,0000345949702023
348
-0,0000332649688062
349
-0,0000345949702023
350
-0,0000359249715984
351
-0,0000372549693566
352
-0,0000359249715984
353
-0,0000345949702023
354
-0,0000345949702023
355
-0,0000359249715984
356
-0,0000359249715984
357
-0,0000359249715984
358
-0,0000359249715984
359
-0,0000345949702023
360
-0,0000345949702023
361
-0,0000345949702023
362
-0,0000359249715984
363
-0,0000372549693566
364
-0,0000385849707527
365
-0,0000385849707527
366
-0,0000372549693566
367
-0,0000372549693566
368
-0,0000372549693566
369
-0,0000372549693566
370
-0,0000372549693566
371
-0,0000399149721488
372
-0,0000385849707527
373
-0,0000399149721488
374
-0,0000399149721488
375
-0,0000425749713031
376
-0,0000439049690613
377
-0,0000439049690613
378
-0,0000425749713031
379
-0,0000369149721488
380
-0,0000385849707527
381
-0,0000345949702023
382
-0,0000332649688062
383
-0,0000279449704976
384
-0,0000239549699472
385
-0,0000173049702425
386
-0,0000079949695646
387
0,0000013150311133
388
0,0000146150305227
389
0,0000265850285359
390
0,0000398850279453
391
0,0000545150287508
392
0,0000731350301066
393
0,0000930850364966
394
0,0001130350283347
395
0,0001316550333286
396
0,0001476150355302
397
0,0001622450363357
398
0,0001795350399334
399
0,0001968250289792
400
0,0002141150471289
401
0,0002300750347786
402
0,0002420450327918
403
0,0002513550280128
404
0,0002619950391818
405
0,0002739650371950
406
0,0002859350352082
407
0,0002952450304292
408
0,0002965750463773
409
0,0002925850276370
410
0,0002792850427795
411
0,0002593350363895
412
0,0002393850299995
413
0,0002181050367653
414
0,0001954950275831
415
0,0001662350405240
416
0,0001316550333286
417
0,0000984050275292
418
0,0000651550362818
419
0,0000319050268445
420
-0,0000053349704103
421
-0,0000425749713031
422
-0,0000851349686855
423
-0,0001223749713972
424
-0,0001596149668330
425
-0,0001955249608727
426
-0,0002287749666721
427
-0,0002620249870233
428
-0,0002872949698940
429
-0,0003125649527647
430
-0,0003351749619469
431
-0,0003524649655446
432
-0,0003631049767137
433
-0,0003697549691424
434
-0,0003737449587788
435
-0,0003710849559866
436
-0,0003657649795059
437
-0,0003537949523889
438
-0,0003418249543756
439
-0,0003232049639337
440
-0,0003045849734917
441
-0,0002846349671017
442
-0,0002686749794520
443
-0,0002513849758543
444
-0,0002340949722566
445
-0,0002154749672627
446
-0,0001941949594766
447
-0,0001755749690346
448
-0,0001556249771966
449
-0,0001396649749950
450
-0,0001237049727933
451
-0,0001104049733840
452
-0,0000957749725785
453
-0,0000811449717730
454
-0,0000691749737598
455
-0,0000585349698667
456
-0,0000518849701621
457
-0,0000439049690613
458
-0,0000385849707527
459
-0,0000319349710480
460
-0,0000279449704976
461
-0,0000252849713434
462
-0,0000239549699472
463
-0,0000226249703701
464
-0,0000212949707930
465
-0,0000199649693968
466
-0,0000159749706654
467
-0,0000133149696921
468
-0,0000169849701150
469
-0,0000119849701150
470
-0,0000119849701150
471
-0,0000133149696921
472
-0,0000106549705379
473
-0,0000093249709607
474
-0,0000079949695646
475
-0,0000079949695646
476
-0,0000079949695646
477
-0,0000079949695646
478
-0,0000079949695646
479
-0,0000040049708332
480
-0,0000026749694371
481
-0,0000000149702828
482
-0,0000026749694371
483
-0,0000013449716789
484
-0,0000026749694371
485
-0,0000013449716789
486
0,0000026450288715
487
0,0000039750302676
488
0,0000039750302676
489
0,0000026450288715
490
0,0000026450288715
491
0,0000013150311133
492
0,0000039750302676
493
0,0000053050280258
494
0,0000066350294219
495
0,0000092950285762
496
0,0000066350294219
497
0,0000053050280258
498
0,0000066350294219
499
0,0000079650308180
500
0,0000106250299723
501
0,0000119550313684
502
0,0000092950285762
503
0,0000079650308180
504
0,0000079650308180
505
0,0000092950285762
506
0,0000106250299723
507
0,0000119550313684
508
0,0000132850291266
509
0,0000119550313684
510
0,0000119550313684
511
0,0000119550313684
512
0,0000146150305227
513
0,0000159450282808
514
0,0000172750296770
515
0,0000172750296770
516
0,0000146150305227
517
0,0000159450282808
518
0,0000159450282808
519
0,0000172750296770
520
0,0000186050310731
521
0,0000199350288312
522
0,0000186050310731
523
0,0000172750296770
524
0,0000186050310731
525
0,0000212650302274
526
0,0000212650302274
527
0,0000225950279855
528
0,0000225950279855
529
0,0000212650302274
530
0,0000212650302274
531
0,0000212650302274
532
0,0000239250293816
533
0,0000252550307778
534
0,0000279150299320
535
0,0000279150299320
536
0,0000265850285359
537
0,0000265850285359
538
0,0000252550307778
539
0,0000279150299320
540
0,0000292450313282
541
0,0000305750327243
542
0,0000292450313282
543
0,0000292450313282
544
0,0000279150299320
545
0,0000292450313282
546
0,0000319050268445
547
0,0000305750327243
548
0,0000292450313282
549
0,0000295750327243
550
0,0000279050268445
551
0,0000332450313282
552
0,0000332350282406
553
0,0000345650296367
554
0,0000358950310329
555
0,0000358950310329
556
0,0000345650296367
557
0,0000358950310329
558
0,0000345650296367
559
0,0000358950310329
560
0,0000358950310329
561
0,0000398850279453
562
0,0000398850279453
563
0,0000398850279453
564
0,0000385550265491
565
0,0000425450307375
566
0,0000438750321337
567
0,0000452050262538
568
0,0000452050262538
569
0,0000465350276500
570
0,0000465350276500
571
0,0000465350276500
572
0,0000491950304422
573
0,0000518550332345
574
0,0000531850273546
575
0,0000531850273546
576
0,0000505250318383
577
0,0000518550332345
578
0,0000531850273546
579
0,0000571750315430
580
0,0000585050329391
581
0,0000611650320934
582
0,0000571750315430
583
0,0000571750315430
584
0,0000571750315430
585
0,0000585050329391
586
0,0000611650320934
587
0,0000638250348857
588
0,0000651550362818
589
0,0000651550362818
590
0,0000651550362818
591
0,0000651550362818
592
0,0000664850231260
593
0,0000704750273144
594
0,0000704750273144
595
0,0000704750273144
596
0,0000704750273144
597
0,0000704750273144
598
0,0000718050287105
599
0,0000744650315028
600
0,0000757950328989
601
0,0000784550356911
602
0,0000784550356911
603
0,0000784550356911
604
0,0000784550356911
605
0,0000797850225354
606
0,0000837750267237
607
0,0000851050281199
608
0,0000864350295160
609
0,0000864350295160
610
0,0000877650309121
611
0,0000864350295160
612
0,0000904250337044
613
0,0000930850364966
614
0,0000930850364966
615
0,0000957450392889
616
0,0000957450392889
617
0,0000957450392889
618
0,0000984050275292
619
0,0000997350289254
620
0,0001023950317176
621
0,0001050550345099
622
0,0001050550345099
623
0,0001050550345099
624
0,0001077150373021
625
0,0001090450386982
626
0,0001130350283347
627
0,0001156950311270
628
0,0001170250325231
629
0,0001170250325231
630
0,0001183550339192
631
0,0001196850353153
632
0,0001223450381076
633
0,0001250050263479
634
0,0001263350277441
635
0,0001289950305363
636
0,0001276650291402
637
0,0001303250319324
638
0,0001329850347247
639
0,0001356450375170
640
0,0001383050403092
641
0,0001422950299457
642
0,0001422950299457
643
0,0001449550327379
644
0,0001462850341341
645
0,0001476150355302
646
0,0001516050397186
647
0,0001529350265628
648
0,0001555950293550
649
0,0001555950293550
650
0,0001569250307512
651
0,0001582550321473
652
0,0001622450363357
653
0,0001635750377318
654
0,0001662350405240
655
0,0001675650273683
656
0,0001675650273683
657
0,0001688950287644
658
0,0001688950287644
659
0,0001715550315566
660
0,0001742150343489
661
0,0001782050385373
662
0,0001795350399334
663
0,0001795350399334
664
0,0001808650267776
665
0,0001835250295699
666
0,0001861850323621
667
0,0001875150337582
668
0,0001888450351544
669
0,0001915050379466
670
0,0001928350393428
671
0,0001915050379466
672
0,0001954950275831
673
0,0001981550303753
674
0,0001994850317715
675
0,0002008150331676
676
0,0002008150331676
677
0,0002021450345637
678
0,0002021450345637
679
0,0002048050373560
680
0,0002074650401482
681
0,0002101250283886
682
0,0002101250283886
683
0,0002101250283886
684
0,0002101250283886
685
0,0002114550443366
686
0,0002127850311808
687
0,0002141150471289
688
0,0002154450339731
689
0,0002141150471289
690
0,0002141150471289
691
0,0002141150471289
692
0,0002154450339731
693
0,0002181050367653
694
0,0002181050367653
695
0,0002181050367653
696
0,0002154450339731
697
0,0002207750208173
698
0,0002191050367653
699
0,0002194350236095
700
0,0002194350236095
701
0,0002207650395576
702
0,0002181050367653
703
0,0002181050367653
704
0,0002167750208173
705
0,0002167750208173
706
0,0002181050367653
707
0,0002154450339731
708
0,0002154450339731
709
0,0002141150471289
710
0,0002114550443366
711
0,0002087950269924
712
0,0002101250283886
713
0,0002101250283886
714
0,0002074650401482
715
0,0002061350387521
716
0,0002021450345637
717
0,0001994850317715
718
0,0001954950275831
719
0,0001954950275831
720
0,0001941650261870
721
0,0001941650261870
722
0,0001888450351544
723
0,0001835250295699
724
0,0001795350399334
725
0,0001755450357450
726
0,0001742150343489
727
0,0001715550315566
728
0,0001688950287644
729
0,0001609150349395
730
0,0001582550321473
731
0,0001516050397186
732
0,0001489450369263
733
0,0001449550327379
734
0,0001422950299457
735
0,0001369750389131
736
0,0001329850347247
737
0,0001276650291402
738
0,0001223450381076
739
0,0001196850353153
740
0,0001170250325231
741
0,0001130350283347
742
0,0001063850359060
743
0,0000997350289254
744
0,0000970750406850
745
0,0000917550351005
746
0,0000904250337044
747
0,0000864350295160
748
0,0000824450253276
749
0,0000771250342950
750
0,0000731350301066
751
0,0000691450259183
752
0,0000664850231260
753
0,0000638250348857
754
0,0000611650320934
755
0,0000571750315430
756
0,0000518550332345
757
0,0000491950304422
758
0,0000452050262538
759
0,0000425450307375
760
0,0000398850279453
761
0,0000385550265491
762
0,0000332350282406
763
0,0000292450313282
764
0,0000252550307778
765
0,0000225950279855
766
0,0000212650302274
767
0,0000199350288312
768
0,0000159450282808
769
0,0000119550313684
770
0,0000106250299723
771
0,0000053050280258
772
0,0000053050280258
773
0,0000053050280258
774
0,0000039750302676
775
0,0000013150311133
776
-0,0000026749694371
777
-0,0000053349704103
778
-0,0000066649699875
779
-0,0000079949695646
780
-0,0000093249709607
781
-0,0000079949695646
782
-0,0000119849701150
783
-0,0000146449710883
784
-0,0000159749706654
785
-0,0000186349698197
786
-0,0000173049702425
787
-0,0000186349698197
788
-0,0000186349698197
789
-0,0000212949707930
790
-0,0000226249703701
791
-0,0000252849713434
792
-0,0000239549699472
793
-0,0000226249703701
794
-0,0000239549699472
795
-0,0000252849713434
796
-0,0000279449704976
797
-0,0000292749700748
798
-0,0000306049696519
799
-0,0000306049696519
800
-0,0000306049696519
801
-0,0000292749700748
802
-0,0000306049696519
803
-0,0000332649688062
804
-0,0000345949702023
805
-0,0000345949702023
806
-0,0000345949702023
807
-0,0000359249715984
808
-0,0000359249715984
809
-0,0000385849707527
810
-0,0000372549693566
811
-0,0000385849707527
812
-0,0000372549693566
813
-0,0000372549693566
814
-0,0000372549693566
815
-0,0000385849707527
816
-0,0000399149721488
817
-0,0000385849707527
818
-0,0000399149721488
819
-0,0000412449699070
820
-0,0000399149721488
821
-0,0000362549693566
822
-0,0000399149721488
823
-0,0000412449699070
824
-0,0000412449699070
825
-0,0000412449699070
826
-0,0000399149721488
827
-0,0000385849707527
828
-0,0000399149721488
829
-0,0000385849707527
830
-0,0000399149721488
831
-0,0000412449699070
832
-0,0000399149721488
833
-0,0000385849707527
834
-0,0000372549693566
835
-0,0000385849707527
836
-0,0000399149721488
837
-0,0000399149721488
838
-0,0000412449699070
839
-0,0000412449699070
840
-0,0000412449699070
841
-0,0000399149721488
842
-0,0000412449699070
843
-0,0000412449699070
844
-0,0000425749713031
845
-0,0000412449699070
846
-0,0000399149721488
847
-0,0000385849707527
848
-0,0000372549693566
849
-0,0000385849707527
850
-0,0000385849707527
851
-0,0000425749713031
852
-0,0000412449699070
853
-0,0000399149721488
854
-0,0000385849707527
855
-0,0000399149721488
856
-0,0000412449699070
857
-0,0000425749713031
858
-0,0000412449699070
859
-0,0000399149721488
860
-0,0000399149721488
861
-0,0000385849707527
862
-0,0000385849707527
863
-0,0000412449699070
864
-0,0000412449699070
865
-0,0000412449699070
866
-0,0000385849707527
867
-0,0000372549693566
868
-0,0000385849707527
869
-0,0000385849707527
870
-0,0000399149721488
871
-0,0000412449699070
872
-0,0000385849707527
873
-0,0000372549693566
874
-0,0000359249715984
875
-0,0000372549693566
876
-0,0000385849707527
877
-0,0000372549693566
878
-0,0000385849707527
879
-0,0000385849707527
880
-0,0000385849707527
881
-0,0000359249715984
882
-0,0000385849707527
883
-0,0000399149721488
884
-0,0000399149721488
885
-0,0000385849707527
886
-0,0000372549693566
887
-0,0000372549693566
888
-0,0000359249715984
889
-0,0000372549693566
890
-0,0000372549693566
891
-0,0000399149721488
892
-0,0000385849707527
893
-0,0000359249715984
894
-0,0000372549693566
895
-0,0000372549693566
896
-0,0000372549693566
897
-0,0000372549693566
898
-0,0000385849707527
899
-0,0000359249715984
900
-0,0000345949702023
901
-0,0000345949702023
902
-0,0000359249715984
903
-0,0000359249715984
904
-0,0000332649688062
905
-0,0000332649688062
906
-0,0000319349710480
907
-0,0000319349710480
908
-0,0000356049696519
909
-0,0000319349710480
910
-0,0000319349710480
911
-0,0000332649688062
912
-0,0000319349710480
913
-0,0000306049696519
914
-0,0000292749700748
915
-0,0000292749700748
916
-0,0000292749700748
917
-0,0000306049696519
918
-0,0000306049696519
919
-0,0000306049696519
920
-0,0000292749700748
921
-0,0000279449704976
922
-0,0000292749700748
923
-0,0000292749700748
924
-0,0000292749700748
925
-0,0000279449704976
926
-0,0000266149691015
927
-0,0000266149691015
928
-0,0000266149691015
929
-0,0000292749700748
930
-0,0000279449704976
931
-0,0000306049696519
932
-0,0000292749700748
933
-0,0000279449704976
934
-0,0000266149691015
935
-0,0000279449704976
936
-0,0000306049696519
937
-0,0000306049696519
938
-0,0000292749700748
939
-0,0000292749700748
940
-0,0000292749700748
941
-0,0000279449704976
942
-0,0000292749700748
943
-0,0000306049696519
944
-0,0000306049696519
945
-0,0000306049696519
946
-0,0000279449704976
947
-0,0000292749700748
948
-0,0000266149691015
949
-0,0000279449704976
950
-0,0000292749700748
951
-0,0000292749700748
952
-0,0000292749700748
953
-0,0000266149691015
954
-0,0000279449704976
955
-0,0000279449704976
956
-0,0000292749700748
957
-0,0000279449704976
958
-0,0000292749700748
959
-0,0000279449704976
960
-0,0000266149691015
961
-0,0000252849713434
962
-0,0000266149691015
963
-0,0000292749700748
964
-0,0000306049696519
965
-0,0000292749700748
966
-0,0000279449704976
967
-0,0000279449704976
968
-0,0000292749700748
969
-0,0000306049696519
970
-0,0000306049696519
971
-0,0000332649688062
972
-0,0000306049696519
973
-0,0000306049696519
974
-0,0000306049696519
975
-0,0000306049696519
976
-0,0000332649688062
977
-0,0000332649688062
978
-0,0000359349710480
979
-0,0000316049696519
980
-0,0000306049696519
981
-0,0000292749700748
982
-0,0000319349710480
983
-0,0000319349710480
984
-0,0000319349710480
985
-0,0000319349710480
986
-0,0000306049696519
987
-0,0000319349710480
988
-0,0000306049696519
989
-0,0000332649688062
990
-0,0000345949702023
991
-0,0000359249715984
992
-0,0000345949702023
993
-0,0000332649688062
994
-0,0000319349710480
995
-0,0000332649688062
996
-0,0000319349710480
997
-0,0000332649688062
998
-0,0000332649688062
999
-0,0000319349710480
1000
-0,0000319349710480
1001
-0,0000319349710480
1002
-0,0000345949702023
1003
-0,0000345949702023
1004
-0,0000345949702023
1005
-0,0000345949702023
1006
-0,0000319349710480
1007
-0,0000319349710480
1008
-0,0000332649688062
1009
-0,0000345949702023
1010
-0,0000345949702023
1011
-0,0000385849707527
1012
-0,0000359249715984
1013
-0,0000359249715984
1014
-0,0000345949702023
1015
-0,0000332649688062
1016
-0,0000359249715984
1017
-0,0000359249715984
1018
-0,0000359249715984
1019
-0,0000359249715984
1020
-0,0000359249715984
1021
-0,0000345949702023
1022
-0,0000359249715984
1023
-0,0000372549693566
1024
-0,0000372549693566
1025
-0,0000372549693566
1026
-0,0000345949702023
1027
-0,0000345949702023
1028
-0,0000359249715984
1029
-0,0000372549693566
1030
-0,0000385849707527
1031
-0,0000385849707527
1032
-0,0000359249715984
1033
-0,0000345949702023
1034
-0,0000345949702023
1035
-0,0000359249715984
1036
-0,0000372549693566
1037
-0,0000372549693566
1038
-0,0000385849707527
1039
-0,0000372549693566
1040
-0,0000372549693566
1041
-0,0000359249715984
1042
-0,0000372549693566
1043
-0,0000385849707527
1044
-0,0000399149721488
1045
-0,0000399149721488
1046
-0,0000385849707527
1047
-0,0000372549693566
1048
-0,0000372549693566
1049
-0,0000385849707527
1050
-0,0000399149721488
1051
-0,0000412449699070
1052
-0,0000385849707527
1053
-0,0000385849707527
1054
-0,0000372549693566
1055
-0,0000385849707527
1056
-0,0000399149721488
1057
-0,0000385849707527
1058
-0,0000399149721488
1059
-0,0000385849707527
1060
-0,0000399149721488
1061
-0,0000385849707527
1062
-0,0000412449699070
1063
-0,0000412449699070
1064
-0,0000425749713031
1065
-0,0000425749713031
1066
-0,0000412449699070
1067
-0,0000412449699070
1068
-0,0000399149721488
1069
-0,0000412449699070
1070
-0,0000399149721488
1071
-0,0000425749713031
1072
-0,0000412449699070
1073
-0,0000399149721488
1074
-0,0000399149721488
1075
-0,0000412449699070
1076
-0,0000412449699070
1077
-0,0000412449699070
1078
-0,0000425749713031
1079
-0,0000412449699070
1080
-0,0000412449699070
1081
-0,0000385849707527
1082
-0,0000412449699070
1083
-0,0000439049690613
1084
-0,0000425749713031
1085
-0,0000425749713031
1086
-0,0000399149721488
1087
-0,0000412449699070
1088
-0,0000385849707527
1089
-0,0000399149721488
1090
-0,0000412449699070
1091
-0,0000439049690613
1092
-0,0000412449699070
1093
-0,0000412449699070
1094
-0,0000399149721488
1095
-0,0000412449699070
1096
-0,0000425749713031
1097
-0,0000439049690613
1098
-0,0000439049690613
1099
-0,0000412449699070
1100
-0,0000399149721488
1101
-0,0000399149721488
1102
-0,0000425749713031
1103
-0,0000439049690613
1104
-0,0000439049690613
1105
-0,0000425749713031
1106
-0,0000412449699070
1107
-0,0000412449699070
1108
-0,0000399149721488
1109
-0,0000412449699070
1110
-0,0000425749713031
1111
-0,0000439049690613
1112
-0,0000412449699070
1113
-0,0000412449699070
1114
-0,0000412449699070
1115
-0,0000412449699070
1116
-0,0000412449699070
1117
-0,0000412449699070
1118
-0,0000425749713031
1119
-0,0000399149721488
1120
-0,0000385849707527
1121
-0,0000372549693566
1122
-0,0000399149721488
1123
-0,0000399149721488
1124
-0,0000399149721488
1125
-0,0000385849707527
1126
-0,0000385849707527
1127
-0,0000372549693566
1128
-0,0000372549693566
1129
-0,0000385849707527
1130
-0,0000385849707527
1131
-0,0000399149721488
1132
-0,0000372549693566
1133
-0,0000372549693566
1134
-0,0000359249715984
1135
-0,0000372549693566
1136
-0,0000399149721488
1137
-0,0000399149721488
1138
-0,0000399149721488
1139
-0,0000385849707527
1140
-0,0000385849707527
1141
-0,0000372549693566
1142
-0,0000385849707527
1143
-0,0000385849707527
1144
-0,0000399149721488
1145
-0,0000385849707527
1146
-0,0000372549693566
1147
-0,0000372549693566
1148
-0,0000359249715984
1149
-0,0000372549693566
1150
-0,0000385849707527
1151
-0,0000399149721488
1152
-0,0000385849707527
1153
-0,0000372549693566
1154
-0,0000359249715984
1155
-0,0000372549693566
1156
-0,000132573943119496
1157
-0,000133903944515623
1158
-0,000133903944515623
1159
-0,000133903944515623
1160
-0,000133903944515623
1161
-0,000132573943119496
1162
-0,000132573943119496
1163
-0,000132573943119496
1164
-0,000132573943119496
1165
-0,000133903944515623
1166
-0,000133903944515623
1167
-0,000132573943119496
1168
-0,000131243941723369
1169
-0,000131243941723369
1170
-0,000132573943119496
1171
-0,000132573943119496
1172
-0,000132573943119496
1173
-0,000131243941723369
1174
-0,000131243941723369
1175
-0,000132573943119496
1176
-0,000129913940327242
1177
-0,000131243941723369
1178
-0,000131243941723369
1179
-0,000131243941723369
1180
-0,000129913940327242
1181
-0,000129913940327242
1182
-0,000129913940327242
1183
-0,000129913940327242
1184
-0,000129913940327242
1185
-0,000131243941723369
1186
-0,000129913940327242
1187
-0,000129913940327242
1188
-0,000128583938931115
1189
-0,000128583938931115
1190
-0,000128583938931115
1191
-0,000128583938931115
1192
-0,000128583938931115
1193
-0,000129913940327242
1194
-0,000128583938931115
1195
-0,000128583938931115
1196
-0,000128583938931115
1197
-0,000128583938931115
1198
-0,000128583938931115
1199
-0,000128583938931115
1200
-0,000128583938931115
1201
-0,000128583938931115
1202
-0,000128583938931115
1203
-0,000128583938931115
1204
-0,000128583938931115
1205
-0,000127253937534988
1206
-0,000125923950690776
1207
-0,000125923950690776
1208
-0,000125923950690776
1209
-0,000125923950690776
1210
-0,000125923950690776
1211
-0,000125923950690776
1212
-0,000125923950690776
1213
-0,000125923950690776
1214
-0,000127253937534988
1215
-0,000127253937534988
1216
-0,000127253937534988
1217
-0,000125923950690776
1218
-0,000127253937534988
1219
-0,000127253937534988
1220
-0,000125923950690776
1221
-0,000125923950690776
1222
-0,000125923950690776
1223
-0,000125923950690776
1224
-0,000125923950690776
1225
-0,000127253937534988
1226
-0,000127253937534988
1227
-0,000127253937534988
1228
-0,000125923950690776
1229
-0,000125923950690776
1230
-0,000127253937534988
1231
-0,000127253937534988
1232
-0,000127253937534988
1233
-0,000128583938931115
1234
-0,000129913940327242
1235
-0,000129913940327242
1236
-0,000128583938931115
1237
-0,000127253937534988
1238
-0,000128583938931115
1239
-0,000127253937534988
1240
-0,000127253937534988
1241
-0,000128583938931115
1242
-0,000127253937534988
1243
-0,000127253937534988
1244
-0,000127253937534988
1245
-0,000128583938931115
1246
-0,000127253937534988
1247
-0,000127253937534988
1248
-0,000125923950690776
1249
-0,000125923950690776
1250
-0,000125923950690776
1251
-0,000124593934742734
1252
-0,000125923950690776
1253
-0,000127253937534988
1254
-0,000127253937534988
1255
-0,000128583938931115
1256
-0,000128583938931115
1257
-0,000128583938931115
1258
-0,000128583938931115
1259
-0,000128583938931115
1260
-0,000128583938931115
1261
-0,000127253937534988
1262
-0,000127253937534988
1263
-0,000128583938931115
1264
-0,000128583938931115
1265
-0,000128583938931115
1266
-0,000128583938931115
1267
-0,000129913940327242
1268
-0,000128583938931115
1269
-0,000127253937534988
1270
-0,000127253937534988
1271
-0,000128583938931115
1272
-0,000127253937534988
1273
-0,000125923950690776
1274
-0,000125923950690776
1275
-0,000124593934742734
1276
-0,000124593934742734
1277
-0,000127253937534988
1278
-0,000127253937534988
1279
-0,000128583938931115
1280
-0,000127253937534988
1281
-0,000125923950690776
1282
-0,000124593934742734
1283
-0,000124593934742734
1284
-0,000124593934742734
1285
-0,000124593934742734
1286
-0,000125923950690776
1287
-0,000125923950690776
1288
-0,000125923950690776
1289
-0,000128583938931115
1290
-0,000129913940327242
1291
-0,000129913940327242
1292
-0,000128583938931115
1293
-0,000128583938931115
1294
-0,000127253937534988
1295
-0,000127253937534988
1296
-0,000127253937534988
1297
-0,000125923950690776
1298
-0,000127253937534988
1299
-0,000125923950690776
1300
-0,000127253937534988
1301
-0,000127253937534988
1302
-0,000127253937534988
1303
-0,000125923950690776
1304
-0,000125923950690776
1305
-0,000123263947898522
1306
-0,000124593934742734
1307
-0,000124593934742734
1308
-0,000124593934742734
1309
-0,000124593934742734
1310
-0,000125923950690776
1311
-0,000125923950690776
1312
-0,000125923950690776
1313
-0,000125923950690776
1314
-0,000123263947898522
1315
-0,000124593934742734
1316
-0,000124593934742734
1317
-0,000124593934742734
1318
-0,000125923950690776
1319
-0,000124593934742734
1320
-0,000123263947898522
1321
-0,000121933946502395
1322
-0,000123263947898522
1323
-0,000121933946502395
1324
-0,000123263947898522
1325
-0,000123263947898522
1326
-0,000125923950690776
1327
-0,000124593934742734
1328
-0,000123263947898522
1329
-0,000123263947898522
1330
-0,000121933946502395
1331
-0,000121933946502395
1332
-0,000121933946502395
1333
-0,000123263947898522
1334
-0,000123263947898522
1335
-0,000123263947898522
1336
-0,000123263947898522
1337
-0,000123263947898522
1338
-0,000123263947898522
1339
-0,000123263947898522
1340
-0,000123263947898522
1341
-0,000121933946502395
1342
-0,000123263947898522
1343
-0,000123263947898522
1344
-0,000125923950690776
1345
-0,000125923950690776
1346
-0,000125923950690776
1347
-0,000124593934742734
1348
-0,000125923950690776
1349
-0,000125923950690776
1350
-0,000125923950690776
1351
-0,000125923950690776
1352
-0,000125923950690776
1353
-0,000125923950690776
1354
-0,000124593934742734
1355
-0,000125923950690776
1356
-0,000124593934742734
1357
-0,000124593934742734
1358
-0,000124593934742734
1359
-0,000124593934742734
1360
-0,000123263947898522
1361
-0,000123263947898522
1362
-0,000123263947898522
1363
-0,000124593934742734
1364
-0,000123263947898522
1365
-0,000123263947898522
1366
-0,000123263947898522
1367
-0,000121933946502395
1368
-0,000120603945106268
1369
-0,000120603945106268
1370
-0,000120603945106268
1371
-0,000119273943710141
1372
-0,000119273943710141
1373
-0,000117943942314014
1374
-0,000117943942314014
1375
-0,000116613940917887
1376
-0,00011528393952176
1377
-0,000113953938125633
1378
-0,000112623944005463
1379
-0,00010863394709304
1380
-0,00010863394709304
1381
-0,000105973944300786
1382
-0,000103313941508532
1383
-0,000100653938716277
1384
-0,000087993943199981
1385
-9,53339476836845E-05
1386
-9,53339476836845E-05
1387
-9,26739448914304E-05
1388
-9,00139420991763E-05
1389
-8,73539393069223E-05
1390
-8,33639423944987E-05
1391
-8,07039396022446E-05
1392
-7,80439440859482E-05
1393
-7,67139426898211E-05
1394
-7,67139426898211E-05
1395
-7,53839412936941E-05
1396
-7,27239457773976E-05
1397
-7,00639429851435E-05
1398
-7,00639429851435E-05
1399
-7,00639429851435E-05
1400
-6,87339415890165E-05
1401
-0,00006607394607272
1402
-0,00006607394607272
1403
-0,00006607394607272
1404
-6,47439446765929E-05
1405
-6,20839418843389E-05
1406
-6,20839418843389E-05
1407
-5,94239390920848E-05
1408
-5,54339421796612E-05
1409
-5,14439452672377E-05
1410
-4,74539410788566E-05
1411
-4,47939455625601E-05
1412
-0,000040803941374179
1413
-3,68139444617555E-05
1414
-3,41539416695014E-05
1415
-3,41539416695014E-05
1416
-3,01639447570778E-05
1417
-2,75039419648238E-05
1418
-2,61739405686967E-05
1419
-2,48439391725697E-05
1420
-2,21839436562732E-05
1421
-1,95239408640191E-05
1422
-0,000016863938071765
1423
-1,28739484352991E-05
1424
-8,88394424691796E-06
1425
-6,22394145466387E-06
1426
-6,22394145466387E-06
1427
-4,89394005853683E-06
1428
-3,56393866240978E-06
1429
-2,23393726628274E-06
1430
-2,23393726628274E-06
1431
-9,03935870155692E-07
1432
-2,23393726628274E-06
1433
-2,23393726628274E-06
1434
-2,23393726628274E-06
1435
-9,03935870155692E-07
1436
-9,03935870155692E-07
1437
4,26050974056125E-07
1438
3,08605376631022E-06
1439
1,75605237018317E-06
1440
4,26050974056125E-07
1441
4,26050974056125E-07
1442
-2,23393726628274E-06
1443
-3,56393866240978E-06
1444
-4,89394005853683E-06
1445
-6,22394145466387E-06
1446
-7,55394285079092E-06
1447
-0,000010213945643045
1448
-1,28739484352991E-05
1449
-0,000015533936675638
1450
-1,95239408640191E-05
1451
-2,35139450524002E-05
1452
-2,75039419648238E-05
1453
-3,28239402733743E-05
1454
-3,81439458578825E-05
1455
-4,34639441664331E-05
1456
-4,74539410788566E-05
1457
-5,14439452672377E-05
1458
-5,41039407835342E-05
1459
-5,94239390920848E-05
1460
-6,47439446765929E-05
1461
-6,87339415890165E-05
1462
-7,27239457773976E-05
1463
-7,67139426898211E-05
1464
-8,20339409983717E-05
1465
-8,86839407030493E-05
1466
-9,40039462875575E-05
1467
-9,93239373201504E-05
1468
-0,000101983940112405
1469
-0,000104643942904659
1470
-0,000117303945696913
1471
-0,000109963941213209
1472
-0,000112623944005463
1473
-0,00011528393952176
1474
-0,000116613940917887
1475
-0,000117943942314014
1476
-0,000120603945106268
1477
-0,000120603945106268
1478
-0,000121933946502395
1479
-0,000123263947898522
1480
-0,000125923950690776
1481
-0,000125923950690776
1482
-0,000124593934742734
1483
-0,000125923950690776
1484
-0,000128583938931115
1485
-0,000129913940327242
1486
-0,000129913940327242
1487
-0,000128583938931115
1488
-0,000129913940327242
1489
-0,000131243941723369
1490
-0,000129913940327242
1491
-0,000129913940327242
1492
-0,000131243941723369
1493
-0,000131243941723369
1494
-0,000131243941723369
1495
-0,000131243941723369
1496
-0,000132573943119496
1497
-0,000133903944515623
1498
-0,00013523394591175
1499
-0,000133903944515623
1500
-0,000133903944515623
1501
-0,00013523394591175
1502
-0,00013523394591175
1503
-0,00013523394591175
1504
-0,000136563947307877
1505
-0,000136563947307877
1506
-0,000137893948704004
1507
-0,000137893948704004
1508
-0,000139223935548216
1509
-0,000137893948704004
1510
-0,000137893948704004
1511
-0,000137893948704004
1512
-0,000136563947307877
1513
-0,000136563947307877
1514
-0,000137893948704004
1515
-0,000137893948704004
1516
-0,000136563947307877
1517
-0,000137893948704004
1518
-0,000139223935548216
1519
-0,000137893948704004
1520
-0,000139223935548216
1521
-0,000129893948704004
1522
-0,000139223935548216
1523
-0,000140553936944343
1524
-0,00014188393834047
1525
-0,000143213939736597
1526
-0,000145873942528851
1527
-0,000149863946717232
1528
-0,000155183937749825
1529
-0,000161833944730461
1530
-0,000168483937159181
1531
-0,000175133944139816
1532
-0,000183113937964663
1533
-0,000189763944945298
1534
-0,000191093946341425
1535
-0,000193753949133679
1536
-0,000195083935977891
1537
-0,000199073940166272
1538
-0,000200403941562399
1539
-0,00020439394575078
1540
-0,000205723947146907
1541
-0,000207053933991119
1542
-0,000205723947146907
1543
-0,000200403941562399
1544
-0,000192423947737552
1545
-0,00017779394693207
1546
-0,000160503943334334
1547
-0,000139223935548216
1548
-0,000113953938125633
1549
-7,93739454820752E-05
1550
-3,54839430656284E-05
1551
1,10660621430725E-05
1552
6,29360583843663E-05
1553
0,000120126045658253
1554
0,00018396605446469
1555
0,000255786057095975
1556
0,000334256037604064
1557
0,00041671609506011
1558
0,000500506081152707
1559
0,000589616072829813
1560
0,00068005605135113
1561
0,000769166043028235
1562
0,000858276092913002
1563
0,000942066020797938
1564
0,00102319603320211
1565
0,0011016660137102
1566
0,00117880606558174
1567
0,00124264601618052
1568
0,00128919596318156
1569
0,00131579604931176
1570
0,0013251060154289
1571
0,00132776598911732
1572
0,00131845602300018
1573
0,00129584595561028
1574
0,00125594600103796
1575
0,00120806600898504
1576
0,00115353602450341
1577
0,00109634606633335
1578
0,00103516597300768
1579
0,000966006016824394
1580
0,000886206107679754
1581
0,000797096057794988
1582
0,000696016068104655
1583
0,000592276046518236
1584
0,000484546064399183
1585
0,000383466074708849
1586
0,000293026037979871
1587
0,000214556042919867
1588
0,000146726044476964
1589
8,68760544108227E-05
1590
3,76660609617829E-05
1591
-6,22394145466387E-06
1592
-4,34639441664331E-05
1593
-7,27239457773976E-05
1594
-0,000096663941803854
1595
-0,00011528393952176
1596
-0,000138583938931115
1597
-0,000139223935548216
1598
-0,00014188393834047
1599
-0,000143213939736597
1600
-0,000137893948704004
1601
-0,000129913940327242
1602
-0,000119273943710141
1603
-0,000105973944300786
1604
-9,00139420991763E-05
1605
-7,53839412936941E-05
1606
-6,07539404882118E-05
1607
-4,74539410788566E-05
1608
-3,41539416695014E-05
1609
-2,48439391725697E-05
1610
-1,95239408640191E-05
1611
-1,42039352795109E-05
1612
-1,28739484352991E-05
1613
-0,35439470391721E-05
1614
-1,28739484352991E-05
1615
-1,42039352795109E-05
1616
-0,000016863938071765
1617
-1,95239408640191E-05
1618
-2,48439391725697E-05
1619
-2,88339433609508E-05
1620
-3,28239402733743E-05
1621
-3,54839430656284E-05
1622
-3,94739399780519E-05
1623
-0,000042133942770306
1624
-4,47939455625601E-05
1625
-4,74539410788566E-05
1626
-4,87839424749836E-05
1627
-5,01139438711107E-05
1628
-5,14439452672377E-05
1629
-5,14439452672377E-05
1630
-5,14439452672377E-05
1631
-5,14439452672377E-05
1632
-5,14439452672377E-05
1633
-5,01139438711107E-05
1634
-4,74539410788566E-05
1635
-5,01139438711107E-05
1636
-4,87839424749836E-05
1637
-5,01139438711107E-05
1638
-5,01139438711107E-05
1639
-4,87839424749836E-05
1640
-4,87839424749836E-05
1641
-4,74539410788566E-05
1642
-4,74539410788566E-05
1643
-4,74539410788566E-05
1644
-4,61239396827295E-05
1645
-4,74539410788566E-05
1646
-4,74539410788566E-05
1647
-4,61239396827295E-05
1648
-4,61239396827295E-05
1649
-4,47939455625601E-05
1650
-4,47939455625601E-05
1651
-4,47939455625601E-05
1652
-4,47939455625601E-05
1653
-4,47939455625601E-05
1654
-4,47939455625601E-05
1655
-4,34639441664331E-05
1656
-4,34639441664331E-05
1657
-4,47939455625601E-05
1658
-4,47939455625601E-05
1659
-4,34639441664331E-05
1660
-0,000042133942770306
1661
-0,000040803941374179
1662
-0,000040803941374179
1663
-3,94739399780519E-05
1664
-3,94739399780519E-05
1665
-3,94739399780519E-05
1666
-3,81439458578825E-05
1667
-3,68139444617555E-05
1668
-3,54839430656284E-05
1669
-3,41539416695014E-05
1670
-3,41539416695014E-05
1671
-3,41539416695014E-05
1672
-3,14939461532049E-05
1673
-3,14939461532049E-05
1674
-3,14939461532049E-05
1675
-3,01639447570778E-05
1676
-3,01639447570778E-05
1677
-2,88339433609508E-05
1678
-2,75039419648238E-05
1679
-2,35139450524002E-05
1680
-2,08539422601461E-05
1681
-2,21839436562732E-05
1682
-2,21839436562732E-05
1683
-2,21839436562732E-05
1684
-2,21839436562732E-05
1685
-2,08539422601461E-05
1686
-1,81939394678921E-05
1687
-1,81939394678921E-05
1688
-0,000016863938071765
1689
-0,000016863938071765
1690
-0,000015533936675638
1691
-0,000015533936675638
1692
-1,28739484352991E-05
1693
-1,28739484352991E-05
1694
-1,15439470391721E-05
1695
-8,88394424691796E-06
1696
-8,88394424691796E-06
1697
-8,88394424691796E-06
1698
-7,55394285079092E-06
1699
-6,22394145466387E-06
1700
-4,89394005853683E-06
1701
-3,56393866240978E-06
1702
-3,56393866240978E-06
1703
-9,03935870155692E-07
1704
-9,03935870155692E-07
1705
4,26050974056125E-07
1706
1,75605237018317E-06
1707
3,08605376631022E-06
1708
3,08605376631022E-06
1709
4,41605516243726E-06
1710
5,74605655856431E-06
1711
7,07605795469135E-06
1712
7,07605795469135E-06
1713
9,73606074694544E-06
1714
1,10660621430725E-05
1715
1,10660621430725E-05
1716
1,37260503834113E-05
1717
1,37260503834113E-05
1718
1,63860531756654E-05
1719
1,63860531756654E-05
1720
1,77160545717925E-05
1721
2,03760573640466E-05
1722
2,03760573640466E-05
1723
2,30360601563007E-05
1724
2,43660615524277E-05
1725
2,56960629485548E-05
1726
2,83560511888936E-05
1727
3,10160539811477E-05
1728
3,36760567734018E-05
1729
3,63360595656559E-05
1730
3,76660609617829E-05
1731
0,00003899606235791
1732
0,000040326063754037
1733
4,43160533905029E-05
1734
4,43160533905029E-05
1735
4,83060575788841E-05
1736
5,22960617672652E-05
1737
5,36260631633922E-05
1738
5,36260631633922E-05
1739
5,62860514037311E-05
1740
5,89460541959852E-05
1741
6,16060569882393E-05
1742
6,29360583843663E-05
1743
6,55960611766204E-05
1744
6,82560639688745E-05
1745
6,95860508130863E-05
1746
7,35760550014675E-05
1747
7,49060563975945E-05
1748
7,75660591898486E-05
1749
8,02260619821027E-05
1750
8,15560633782297E-05
1751
8,28860502224416E-05
1752
8,42160516185686E-05
1753
8,68760544108227E-05
1754
8,95360572030768E-05
1755
9,21960599953309E-05
1756
0,000094856062787585
1757
0,000096186064183712
1758
0,000100176068372093
1759
0,000102836071164347
1760
0,000104166058008559
1761
0,000106826060800813
1762
0,000109486063593067
1763
0,000112146066385321
1764
0,000114806069177575
1765
0,000118796058814041
1766
0,000121456061606295
1767
0,000124116064398549
1768
0,000126776067190804
1769
0,000128106054035015
1770
0,000132096043671481
1771
0,000134756046463735
1772
0,000136086062411778
1773
0,000141406067996286
1774
0,00014406607078854
1775
0,000148056060425006
1776
0,00015071606321726
1777
0,000153376066009514
1778
0,00015736605564598
1779
0,000160026058438234
1780
0,000162686061230488
1781
0,000166676050866954
1782
0,000169336053659208
1783
0,000171996056451462
1784
0,000174656059243716
1785
0,00017731606203597
1786
0,000181306051672436
1787
0,000185296070412733
1788
0,000187956044101156
1789
0,00019061604689341
1790
0,000194606065633707
1791
0,000198596055270173
1792
0,000202586044906639
1793
0,000206576063646935
1794
0,000210566053283401
1795
0,000214556042919867
1796
0,000219876048504375
1797
0,000223866067244671
1798
0,000227856056881137
1799
0,000230516059673391
1800
0,000234506049309857
1801
0,000241156070842408
1802
0,00024647603277117
1803
0,000247806077823043
1804
0,000251796038355678
1805
0,000257116043940187
1806
0,000263766036368906
1807
0,000270416028797626
1808
0,000275736034382135
1809
0,000279726053122431
1810
0,000285046058706939
1811
0,000289036077447236
1812
0,000291696051135659
1813
0,000297016056720167
1814
0,000302336062304676
1815
0,000307656067889184
1816
0,000311646028421819
1817
0,000316966034006327
1818
0,000319626065902412
1819
0,00032494607148692
1820
0,000328936032019556
1821
0,000334256037604064
1822
0,000339576043188572
1823
0,00034489604877308
1824
0,000347556080669165
1825
0,000354206073097885
1826
0,000356866046786308
1827
0,000363516097422689
1828
0,000368836044799536
1829
0,000372826063539833
1830
0,000376816082280129
1831
0,000380806101020426
1832
0,000384796061553061
1833
0,000390116067137569
1834
0,000394106085877866
1835
0,000398096046410501
1836
0,000403416051995009
1837
0,000406076083891094
1838
0,000411396089475602
1839
0,000414056063164026
1840
0,000418046081904322
1841
0,00042336608748883
1842
0,000426026061177254
1843
0,000428686093073338
1844
0,000432676053605974
1845
0,00043666607234627
1846
0,000439326046034694
1847
0,000441986077930778
1848
0,000444646051619202
1849
0,000445976096671075
1850
0,000448636070359498
1851
0,000451296044047922
1852
0,000453956075944006
1853
0,00045661604963243
1854
0,00045661604963243
1855
0,000459276081528515
1856
0,000461936055216938
1857
0,000461936055216938
1858
0,000463266100268811
1859
0,000474596087113023
1860
0,000465926073957235
1861
0,000467256060801446
1862
0,000467256060801446
1863
0,000467256060801446
1864
0,000465926073957235
1865
0,000463266100268811
1866
0,000461936055216938
1867
0,000459276081528515
1868
0,000457946094684303
1869
0,000455286062788218
1870
0,000453956075944006
1871
0,00044996605720371
1872
0,000445976096671075
1873
0,000441986077930778
1874
0,00043666607234627
1875
0,000434006098657846
1876
0,00043001607991755
1877
0,00042336608748883
1878
0,00041671609506011
1879
0,000411396089475602
1880
0,000403416051995009
1881
0,000396766059566289
1882
0,000390116067137569
1883
0,000380806101020426
1884
0,000372826063539833
1885
0,000364846084266901
1886
0,000356866046786308
1887
0,000348886067513376
1888
0,000339576043188572
1889
0,000330266077071428
1890
0,000322286039590836
1891
0,000312976073473692
1892
0,000303666049148887
1893
0,000294356083031744
1894
0,000285046058706939
1895
0,000277066079434007
1896
0,000266426068264991
1897
0,000254456070251763
1898
0,000243816044530831
1899
0,000234506049309857
1900
0,000223866067244671
1901
0,000215886058867909
1902
0,000207906050491147
1903
0,000197266068425961
1904
0,000187956044101156
1905
0,000178646048880182
1906
0,000169336053659208
1907
0,000160026058438234
1908
0,000152046050061472
1909
0,00014406607078854
1910
0,000134756046463735
1911
0,000126776067190804
1912
0,00011746607196983
1913
0,000110816050437279
1914
0,000101506055216305
1915
9,35260613914579E-05
1916
8,55460530146956E-05
1917
7,75660591898486E-05
1918
7,22460536053404E-05
1919
6,42660597804934E-05
1920
5,76160527998582E-05
1921
5,22960617672652E-05
1922
0,000046976056182757
1923
0,000040326063754037
1924
3,36760567734018E-05
1925
2,96860525850207E-05
1926
2,30360601563007E-05
1927
1,63860531756654E-05
1928
1,10660621430725E-05
1929
7,07605795469135E-06
1930
1,75605237018317E-06
1931
-2,23393726628274E-06
1932
-7,55394285079092E-06
1933
-1,28739484352991E-05
1934
-0,000016863938071765
1935
-1,95239408640191E-05
1936
-2,48439391725697E-05
1937
-2,88339433609508E-05
1938
-3,14939461532049E-05
1939
-3,41539416695014E-05
1940
-3,81439458578825E-05
1941
-3,94739399780519E-05
1942
-4,34639441664331E-05
1943
-4,47939455625601E-05
1944
-4,74539410788566E-05
1945
-5,01139438711107E-05
1946
-5,27739393874072E-05
1947
-5,41039407835342E-05
1948
-5,54339421796612E-05
1949
-5,80939449719153E-05
1950
-5,94239390920848E-05
1951
-6,20839418843389E-05
1952
-6,34139432804659E-05
1953
-6,47439446765929E-05
1954
-0,00006607394607272
1955
-6,74039401928894E-05
1956
-6,87339415890165E-05
1957
-6,87339415890165E-05
1958
-7,00639429851435E-05
1959
-7,13939443812706E-05
1960
-7,27239457773976E-05
1961
-0,000074053939897567
1962
-7,67139426898211E-05
1963
-7,80439440859482E-05
1964
-7,67139426898211E-05
1965
-7,93739454820752E-05
1966
-7,93739454820752E-05
1967
-7,93739454820752E-05
1968
-7,93739454820752E-05
1969
-7,93739454820752E-05
1970
-7,93739454820752E-05
1971
-8,07039396022446E-05
1972
-8,07039396022446E-05
1973
-8,20339409983717E-05
1974
-8,20339409983717E-05
1975
-8,07039396022446E-05
1976
-8,07039396022446E-05
1977
-8,07039396022446E-05
1978
-8,33639423944987E-05
1979
-8,46939437906258E-05
1980
-8,46939437906258E-05
1981
-8,33639423944987E-05
1982
-8,46939437906258E-05
1983
-8,46939437906258E-05
1984
-8,46939437906258E-05
1985
-8,33639423944987E-05
1986
-8,60239379107952E-05
1987
-8,46939437906258E-05
1988
-8,46939437906258E-05
1989
-8,46939437906258E-05
1990
-8,60239379107952E-05
1991
-8,60239379107952E-05
1992
-8,60239379107952E-05
1993
-8,46939437906258E-05
1994
-8,60239379107952E-05
1995
-8,60239379107952E-05
1996
-8,46939437906258E-05
1997
-8,46939437906258E-05
1998
-8,46939437906258E-05
1999
-8,46939437906258E-05
2000
-8,46939437906258E-05
2001
-8,33639423944987E-05
2002
-8,33639423944987E-05
2003
-8,07039396022446E-05
2004
-8,20339409983717E-05
2005
-8,20339409983717E-05
2006
-8,20339409983717E-05
2007
-8,20339409983717E-05
2008
-8,20339409983717E-05
2009
-8,07039396022446E-05
2010
-8,20339409983717E-05
2011
-8,33639423944987E-05
2012
-8,07039396022446E-05
2013
-7,93739454820752E-05
2014
-7,93739454820752E-05
2015
-7,80439440859482E-05
2016
-7,93739454820752E-05
2017
-7,93739454820752E-05
2018
-7,80439440859482E-05
2019
-7,80439440859482E-05
2020
-7,80439440859482E-05
2021
-7,80439440859482E-05
2022
-7,67139426898211E-05
2023
-7,67139426898211E-05
2024
-7,67139426898211E-05
2025
-7,67139426898211E-05
2026
-7,80439440859482E-05
2027
-7,67139426898211E-05
2028
-7,80439440859482E-05
2029
-7,67139426898211E-05
2030
-7,67139426898211E-05
2031
-7,80439440859482E-05
2032
-7,80439440859482E-05
2033
-7,67139426898211E-05
2034
-7,67139426898211E-05
2035
-7,67139426898211E-05
2036
-7,67139426898211E-05
2037
-7,80439440859482E-05
2038
-7,93739454820752E-05
2039
-7,80439440859482E-05
2040
-7,80439440859482E-05
2041
-7,80439440859482E-05
2042
-7,67139426898211E-05
2043
-7,67139426898211E-05
2044
-7,67139426898211E-05
2045
-7,67139426898211E-05
2046
-7,67139426898211E-05
2047
-7,53839412936941E-05
2048
-7,53839412936941E-05
2049
-7,53839412936941E-05
2050
-0,000074053939897567
2051
-0,000074053939897567
2052
-7,27239457773976E-05
2053
-0,000074053939897567
2054
-7,27239457773976E-05
2055
-7,27239457773976E-05
2056
-7,27239457773976E-05
2057
-7,13939443812706E-05
2058
-7,27239457773976E-05
2059
-7,27239457773976E-05
2060
-7,13939443812706E-05
2061
-7,00639429851435E-05
2062
-7,13939443812706E-05
2063
-7,00639429851435E-05
2064
-7,13939443812706E-05
2065
-7,13939443812706E-05
2066
-7,13939443812706E-05
2067
-7,13939443812706E-05
2068
-6,87339415890165E-05
2069
-6,87339415890165E-05
2070
-6,87339415890165E-05
2071
-6,87339415890165E-05
2072
-6,87339415890165E-05
2073
-6,87339415890165E-05
2074
-6,87339415890165E-05
2075
-6,74039401928894E-05
2076
-0,00006607394607272
2077
-6,74039401928894E-05
2078
-6,87339415890165E-05
2079
-6,87339415890165E-05
2080
-6,87339415890165E-05
2081
-6,74039401928894E-05
2082
-6,74039401928894E-05
2083
-6,74039401928894E-05
2084
-6,74039401928894E-05
2085
-6,74039401928894E-05
2086
-6,74039401928894E-05
2087
-6,74039401928894E-05
2088
-6,74039401928894E-05
2089
-6,74039401928894E-05
2090
-6,87339415890165E-05
2091
-7,00639429851435E-05
2092
-7,13939443812706E-05
2093
-7,00639429851435E-05
2094
-7,00639429851435E-05
2095
-7,00639429851435E-05
2096
-7,00639429851435E-05
2097
-7,00639429851435E-05
2098
-7,00639429851435E-05
2099
-7,00639429851435E-05
2100
-7,00639429851435E-05
2101
-7,00639429851435E-05
2102
-7,00639429851435E-05
2103
-6,74039401928894E-05
2104
-6,74039401928894E-05
2105
-6,87339415890165E-05
2106
-7,13939443812706E-05
2107
-7,00639429851435E-05
2108
-7,00639429851435E-05
2109
-7,13939443812706E-05
2110
-7,13939443812706E-05
2111
-7,27239457773976E-05
2112
-7,27239457773976E-05
2113
-7,27239457773976E-05
2114
-7,27239457773976E-05
2115
-0,000074053939897567
2116
-0,000074053939897567
2117
-7,53839412936941E-05
2118
-7,53839412936941E-05
2119
-7,53839412936941E-05
2120
-7,67139426898211E-05
2121
-7,67139426898211E-05
2122
-7,80439440859482E-05
2123
-7,93739454820752E-05
2124
-7,93739454820752E-05
2125
-7,93739454820752E-05
2126
-7,93739454820752E-05
2127
-7,93739454820752E-05
2128
-7,93739454820752E-05
2129
-7,93739454820752E-05
2130
-8,07039396022446E-05
2131
-7,93739454820752E-05
2132
-7,80439440859482E-05
2133
-7,80439440859482E-05
2134
-7,93739454820752E-05
2135
-7,80439440859482E-05
2136
-7,80439440859482E-05
2137
-7,67139426898211E-05
2138
-7,93739454820752E-05
2139
-7,93739454820752E-05
2140
-7,93739454820752E-05
2141
-7,93739454820752E-05
2142
-7,93739454820752E-05
2143
-7,93739454820752E-05
2144
-8,20339409983717E-05
2145
-8,20339409983717E-05
2146
-8,33639423944987E-05
2147
-8,20339409983717E-05
2148
-8,07039396022446E-05
2149
-8,07039396022446E-05
2150
-8,07039396022446E-05
2151
-8,20339409983717E-05
2152
-8,20339409983717E-05
2153
-8,20339409983717E-05
2154
-8,20339409983717E-05
2155
-8,20339409983717E-05
2156
-8,07039396022446E-05
2157
-8,20339409983717E-05
2158
-8,33639423944987E-05
2159
-8,33639423944987E-05
2160
-8,20339409983717E-05
2161
-8,20339409983717E-05
2162
-8,20339409983717E-05
2163
-8,20339409983717E-05
2164
-8,07039396022446E-05
2165
-8,07039396022446E-05
2166
-7,93739454820752E-05
2167
-7,93739454820752E-05
2168
-7,93739454820752E-05
2169
-8,07039396022446E-05
2170
-8,07039396022446E-05
2171
-8,07039396022446E-05
2172
-8,07039396022446E-05
2173
-8,07039396022446E-05
2174
-7,80439440859482E-05
2175
-7,93739454820752E-05
2176
-7,80439440859482E-05
2177
-7,93739454820752E-05
2178
-7,80439440859482E-05
2179
-7,80439440859482E-05
2180
-7,80439440859482E-05
2181
-7,80439440859482E-05
2182
-7,93739454820752E-05
2183
-7,93739454820752E-05
2184
-7,93739454820752E-05
2185
-8,07039396022446E-05
2186
-8,07039396022446E-05
2187
-7,93739454820752E-05
2188
-8,07039396022446E-05
2189
-8,07039396022446E-05
2190
-8,07039396022446E-05
2191
-8,20339409983717E-05
2192
-8,20339409983717E-05
2193
-8,20339409983717E-05
2194
-8,07039396022446E-05
2195
-8,20339409983717E-05
2196
-8,20339409983717E-05
2197
-8,33639423944987E-05
2198
-8,46939437906258E-05
2199
-8,60239379107952E-05
2200
-8,60239379107952E-05
2201
-8,73539393069223E-05
2202
-8,60239379107952E-05
2203
-8,60239379107952E-05
2204
-8,73539393069223E-05
2205
-8,73539393069223E-05
2206
-8,86839407030493E-05
2207
-8,73539393069223E-05
2208
-8,86839407030493E-05
2209
-8,86839407030493E-05
2210
-9,00139420991763E-05
2211
-9,00139420991763E-05
2212
-8,86839407030493E-05
2213
-8,86839407030493E-05
2214
-8,73539393069223E-05
2215
-8,86839407030493E-05
2216
-9,00139420991763E-05
2217
-9,13439434953034E-05
2218
-9,26739448914304E-05
2219
-9,26739448914304E-05
2220
-9,26739448914304E-05
2221
-9,13439434953034E-05
2222
-9,13439434953034E-05
2223
-9,00139420991763E-05
2224
-9,13439434953034E-05
2225
-9,13439434953034E-05
2226
-9,13439434953034E-05
2227
-9,13439434953034E-05
2228
-9,13439434953034E-05
2229
-9,00139420991763E-05
2230
-9,13439434953034E-05
2231
-9,13439434953034E-05
2232
-9,26739448914304E-05
2233
-9,26739448914304E-05
2234
-9,13439434953034E-05
2235
-9,26739448914304E-05
2236
-9,26739448914304E-05
2237
-9,40039462875575E-05
2238
-9,40039462875575E-05
2239
-9,26739448914304E-05
2240
-9,26739448914304E-05
2241
-9,26739448914304E-05
2242
-9,13439434953034E-05
2243
-9,26739448914304E-05
2244
-9,26739448914304E-05
2245
-9,26739448914304E-05
2246
-9,40039462875575E-05
2247
-0,000096663941803854
2248
-9,53339476836845E-05
2249
-9,53339476836845E-05
2250
-9,53339476836845E-05
2251
-9,40039462875575E-05
2252
-9,53339476836845E-05
2253
-9,53339476836845E-05
2254
-9,53339476836845E-05
2255
-9,53339476836845E-05
2256
-0,000096663941803854
2257
-0,000096663941803854
2258
-0,000096663941803854
2259
-0,000096663941803854
2260
-0,000096663941803854
2261
-0,000096663941803854
2262
-0,000096663941803854
2263
-0,000096663941803854
2264
-0,000096663941803854
2265
-0,000096663941803854
2266
-0,000097993943199981
2267
-0,000097993943199981
2268
-0,000097993943199981
2269
-0,000097993943199981
2270
-0,000096663941803854
2271
-0,000096663941803854
2272
-0,000096663941803854
2273
-0,000097993943199981
2274
-0,000096663941803854
2275
-9,53339476836845E-05
2276
-9,53339476836845E-05
2277
-9,40039462875575E-05
2278
-0,000096663941803854
2279
-0,000096663941803854
2280
-9,53339476836845E-05
2281
-9,53339476836845E-05
2282
-9,53339476836845E-05
2283
-9,53339476836845E-05
2284
-9,40039462875575E-05
2285
-9,40039462875575E-05
2286
-9,40039462875575E-05
2287
-9,40039462875575E-05
2288
-9,26739448914304E-05
2289
-9,26739448914304E-05
2290
-9,26739448914304E-05
2291
-9,40039462875575E-05
2292
-9,40039462875575E-05
2293
-9,40039462875575E-05
2294
-9,53339476836845E-05
2295
-9,53339476836845E-05
2296
-9,53339476836845E-05
2297
-9,40039462875575E-05
2298
-9,53339476836845E-05
2299
-9,53339476836845E-05
2300
-9,40039462875575E-05
2301
-9,40039462875575E-05
2302
-9,40039462875575E-05
2303
-9,40039462875575E-05
2304
-9,40039462875575E-05
2305
-9,40039462875575E-05
2306
-9,26739448914304E-05
2307
-9,26739448914304E-05
2308
-9,26739448914304E-05
2309
-9,26739448914304E-05
2310
-9,13439434953034E-05