1
-0,000100831823604037
2
-0,00010083182959315
3
-0,00010083182959315
4
-0,000100831832587702
5
-0,000100831832587702
6
-0,00010083182959315
7
-0,000100831826598589
8
-0,000100831823604037
9
-0,00010083182959315
10
-0,000100831832587702
11
-0,00010083182959315
12
-0,000100831826598589
13
-0,000100831826598589
14
-0,000100831823604037
15
-0,000100831826598589
16
-0,00010083182959315
17
-0,000100831832587702
18
-0,000100831832587702
19
-0,00010083182959315
20
-0,000100831826598589
21
-0,000100831823604037
22
-0,00010083182959315
23
-0,000100831826598589
24
-0,00010083182959315
25
-0,00010083182959315
26
-0,00010083182959315
27
-0,000100831826598589
28
-0,000100831823604037
29
-0,000100831823604037
30
-0,000100831823604037
31
-0,00010083182959315
32
-0,000100831823604037
33
-0,000100831823604037
34
-0,000100831820609477
35
-0,000100831820609477
36
-0,000100831826598589
37
-0,000100831826598589
38
-0,000100831826598589
39
-0,000100831823604037
40
-0,000100831820609477
41
-0,000100831817614917
42
-0,000100831820609477
43
-0,000100831826598589
44
-0,000100831823604037
45
-0,000100831820609477
46
-0,000100831817614917
47
-0,000100831820609477
48
-0,000100831817614917
49
-0,000100831823604037
50
-0,000100831823604037
51
-0,000100831823604037
52
-0,000100831820609477
53
-0,000100831820609477
54
-0,000100831820609477
55
-0,000100831823604037
56
-0,000100831823604037
57
-0,000100831823604037
58
-0,000100831826598589
59
-0,000100831823604037
60
-0,000100831823604037
61
-0,000100831817614917
62
-0,000100831823604037
63
-0,000100831820609477
64
-0,000100831823604037
65
-0,000100831820609477
66
-0,000100831817614917
67
-0,000100831820609477
68
-0,000100831820609477
69
-0,000100831823604037
70
-0,000100831826598589
71
-0,00010083182959315
72
-0,000100831820609477
73
-0,000100831820609477
74
-0,000100831817614917
75
-0,000100831823604037
76
-0,000100831823604037
77
-0,000100831820609477
78
-0,000100831823604037
79
-0,000100831823604037
80
-0,000100831823604037
81
-0,000100831817614917
82
-0,000100831823604037
83
-0,000100831826598589
84
-0,00010083182959315
85
-0,000100831826598589
86
-0,000100831823604037
87
-0,000100831823604037
88
-0,000100831820609477
89
-0,000100831823604037
90
-0,000100831823604037
91
-0,00010083182959315
92
-0,00010083182959315
93
-0,000100831826598589
94
-0,000100831820609477
95
-0,000100831820609477
96
-0,000100831823604037
97
-0,000100831826598589
98
-0,000100831826598589
99
-0,000100831826598589
100
-0,000100831826598589
101
-0,000100831820609477
102
-0,00010083182959315
103
-0,00010083182959315
104
-0,00010083182959315
105
-0,00010083182959315
106
-0,000100831823604037
107
-0,000100831823604037
108
-0,000100831820609477
109
-0,000100831823604037
110
-0,00010083182959315
111
-0,000100831826598589
112
-0,000100831823604037
113
-0,000100831820609477
114
-0,000100831820609477
115
-0,000100831820609477
116
-0,000100831823604037
117
-0,000100831820609477
118
-0,000100831820609477
119
-0,000100831814620366
120
-0,000100831814620366
121
-0,000100831814620366
122
-0,000100831817614917
123
-0,000100831820609477
124
-0,000100831820609477
125
-0,000100831820609477
126
-0,000100831817614917
127
-0,000100831817614917
128
-0,000100831814620366
129
-0,000100831817614917
130
-0,000100831817614917
131
-0,000100831820609477
132
-0,000100831817614917
133
-0,000100831817614917
134
-0,000100831820609477
135
-0,000100831823604037
136
-0,000100831823604037
137
-0,000100831826598589
138
-0,000100831826598589
139
-0,000100831820609477
140
-0,000100831820609477
141
-0,000100831817614917
142
-0,000100831817614917
143
-0,000100831820609477
144
-0,000100831817614917
145
-0,000100831817614917
146
-0,000100831817614917
147
-0,000100831817614917
148
-0,000100831817614917
149
-0,000100831817614917
150
-0,000100831820609477
151
-0,000100831820609477
152
-0,000100831811625806
153
-0,000100831811625806
154
-0,000100831811625806
155
-0,000100831814620366
156
-0,000100831814620366
157
-0,000100831820609477
158
-0,000100831817614917
159
-0,000100831817614917
160
-0,000100831817614917
161
-0,000100831811625806
162
-0,000100831814620366
163
-0,000100831820609477
164
-0,000100831820609477
165
-0,000100831817614917
166
-0,000100831811625806
167
-0,000100831808631246
168
-0,000100831808631246
169
-0,000100831811625806
170
-0,000100831817614917
171
-0,000100831820609477
172
-0,000100831814620366
173
-0,000100831811625806
174
-0,000100831808631246
175
-0,000100831811625806
176
-0,000100831817614917
177
-0,000100831814620366
178
-0,000100831814620366
179
-0,000100831814620366
180
-0,000100831808631246
181
-0,000100831805636694
182
-0,000100831811625806
183
-0,000100831814620366
184
-0,000100831814620366
185
-0,000100831817614917
186
-0,000100831811625806
187
-0,000100831814620366
188
-0,000100831814620366
189
-0,000100831820609477
190
-0,000100831823604037
191
-0,000100831823604037
192
-0,000100831820609477
193
-0,000100831817614917
194
-0,000100831817614917
195
-0,000100831814620366
196
-0,000100831817614917
197
-0,000100831820609477
198
-0,000100831823604037
199
-0,000100831820609477
200
-0,000100831820609477
201
-0,000100831817614917
202
-0,000100831817614917
203
-0,000100831820609477
204
-0,000100831820609477
205
-0,000100831817614917
206
-0,000100831814620366
207
-0,000100831814620366
208
-0,000100831811625806
209
-0,000100831814620366
210
-0,000100831814620366
211
-0,000100831814620366
212
-0,000100831808631246
213
-0,000100831805636694
214
-0,000100831802642135
215
-0,000100831805636694
216
-0,000100831805636694
217
-0,000100831805636694
218
-0,000100831802642135
219
-0,000100831799647579
220
-0,000100831796653024
221
-0,000100831793658464
222
-0,000100831796653024
223
-0,000100831799647579
224
-0,000100831796653024
225
-0,000100831796653024
226
-0,000100831790663913
227
-0,000100831787669354
228
-0,000100831790663913
229
-0,000100831793658464
230
-0,000100831790663913
231
-0,000100831793658464
232
-0,000100831790663913
233
-0,000100831787669354
234
-0,000100831781680243
235
-0,000100831781680243
236
-0,000100831787669354
237
-0,000100831790663913
238
-0,000100831790663913
239
-0,000100831790663913
240
-0,000100831793658464
241
-0,000100831787669354
242
-0,000100831787669354
243
-0,000100831787669354
244
-0,000100831787669354
245
-0,000100831781680243
246
-0,000100831781680243
247
-0,000100831778685684
248
-0,000100831778685684
249
-0,000100831781680243
250
-0,000100831787669354
251
-0,000100831787669354
252
-0,000100831778685684
253
-0,000100831772696574
254
-0,000100831769702019
255
-0,000100831769702019
256
-0,000100831772696574
257
-0,000100831769702019
258
-0,000100831769702019
259
-0,000100831769702019
260
-0,000100831766707465
261
-0,000100831763712906
262
-0,000100831766707465
263
-0,000100831766707465
264
-0,000100831763712906
265
-0,000100831760718351
266
-0,000100831754729242
267
-0,000100831751734684
268
-0,000100831745745575
269
-0,000100831745745575
270
-0,000100831742751021
271
-0,000100831745745575
272
-0,000100831739756462
273
-0,000100831736761912
274
-0,000100831733767354
275
-0,000100831730772796
276
-0,000100831730772796
277
-0,000100831727778246
278
-0,000100831727778246
279
-0,000100831718794581
280
-0,000100831712805474
281
-0,000100831700827252
282
-0,000100831706816359
283
-0,00010083170382181
284
-0,00010083170382181
285
-0,00010083170382181
286
-0,000100831700827252
287
-0,000100831697832703
288
-0,000100831694838146
289
-0,000100831697832703
290
-0,000100831700827252
291
-0,00010083170382181
292
-0,000100831700827252
293
-0,000100831697832703
294
-0,000100831700827252
295
-0,00010083170382181
296
-0,000100831709810916
297
-0,000100831712805474
298
-0,000100831712805474
299
-0,000100831712805474
300
-0,000100831718794581
301
-0,000100831724783688
302
-0,000100831736761912
303
-0,000100831739756462
304
-0,000100831748740129
305
-0,000100831751734684
306
-0,000100831748740129
307
-0,000100831754729242
308
-0,000100831763712906
309
-0,000100831772696574
310
-0,000100831781680243
311
-0,000100831790663913
312
-0,000100831790663913
313
-0,000100831790663913
314
-0,000100831793658464
315
-0,000100831802642135
316
-0,000100831805636694
317
-0,000100831805636694
318
-0,000100831811625806
319
-0,000100831811625806
320
-0,000100831811625806
321
-0,000100831811625806
322
-0,000100831817614917
323
-0,000100831820609477
324
-0,000100831820609477
325
-0,000100831814620366
326
-0,000100831811625806
327
-0,000100831814620366
328
-0,000100831811625806
329
-0,000100831814620366
330
-0,000100831814620366
331
-0,000100831817614917
332
-0,000100831814620366
333
-0,000100831814620366
334
-0,000100831808631246
335
-0,000100831811625806
336
-0,000100831814620366
337
-0,000100831808631246
338
-0,000100831808631246
339
-0,000100831805636694
340
-0,000100831808631246
341
-0,000100831811625806
342
-0,000100831814620366
343
-0,000100831814620366
344
-0,000100831811625806
345
-0,000100831814620366
346
-0,000100831808631246
347
-0,000100831811625806
348
-0,000100831808631246
349
-0,000100831811625806
350
-0,000100831814620366
351
-0,000100831817614917
352
-0,000100831814620366
353
-0,000100831811625806
354
-0,000100831811625806
355
-0,000100831814620366
356
-0,000100831814620366
357
-0,000100831814620366
358
-0,000100831814620366
359
-0,000100831811625806
360
-0,000100831811625806
361
-0,000100831811625806
362
-0,000100831814620366
363
-0,000100831817614917
364
-0,000100831820609477
365
-0,000100831820609477
366
-0,000100831817614917
367
-0,000100831817614917
368
-0,000100831817614917
369
-0,000100831817614917
370
-0,000100831817614917
371
-0,000100831823604037
372
-0,000100831820609477
373
-0,000100831823604037
374
-0,000100831823604037
375
-0,00010083182959315
376
-0,000100831832587702
377
-0,000100831832587702
378
-0,00010083182959315
379
-0,000100831823604037
380
-0,000100831820609477
381
-0,000100831811625806
382
-0,000100831808631246
383
-0,000100831796653024
384
-0,000100831787669354
385
-0,000100831772696574
386
-0,000100831751734684
387
-0,000100831730772796
388
-0,000100831700827252
389
-0,000100831673876272
390
-0,00010083164393074
391
-0,000100831610990661
392
-0,000100831569066934
393
-0,000100831524148659
394
-0,000100831479230432
395
-0,000100831437306739
396
-0,00010083140137216
397
-0,00010083136843214
398
-0,000100831329503031
399
-0,000100831290573966
400
-0,000100831251644847
401
-0,000100831215710352
402
-0,00010083118875947
403
-0,000100831167797684
404
-0,000100831143841324
405
-0,000100831116890457
406
-0,000100831089939595
407
-0,000100831068977825
408
-0,00010083106598325
409
-0,000100831074966911
410
-0,000100831104912281
411
-0,000100831149830414
412
-0,000100831194748562
413
-0,000100831242661239
414
-0,000100831293568514
415
-0,000100831359448491
416
-0,000100831437306739
417
-0,000100831512170479
418
-0,000100831587034228
419
-0,000100831661898062
420
-0,000100831745745575
421
-0,00010083182959315
422
-0,000100831925419006
423
-0,000100832009266699
424
-0,000100832093114428
425
-0,000100832173967643
426
-0,0001008322488318
427
-0,000100832323696032
428
-0,000100832380592804
429
-0,000100832437489599
430
-0,000100832488397335
431
-0,000100832527326785
432
-0,000100832551283396
433
-0,000100832566256247
434
-0,000100832575239945
435
-0,000100832569250791
436
-0,000100832557272549
437
-0,000100832530321328
438
-0,000100832503370179
439
-0,000100832461446194
440
-0,000100832419522222
441
-0,000100832374603658
442
-0,000100832338668857
443
-0,000100832299739463
444
-0,000100832260810079
445
-0,000100832218886139
446
-0,000100832170973075
447
-0,000100832129049195
448
-0,000100832084130763
449
-0,000100832048196008
450
-0,000100832012261263
451
-0,000100831982315655
452
-0,000100831949375491
453
-0,000100831916435336
454
-0,000100831889484311
455
-0,000100831865527837
456
-0,000100831850555048
457
-0,000100831832587702
458
-0,000100831820609477
459
-0,000100831805636694
460
-0,000100831796653024
461
-0,000100831790663913
462
-0,000100831787669354
463
-0,000100831784674798
464
-0,000100831781680243
465
-0,000100831778685684
466
-0,000100831769702019
467
-0,000100831763712906
468
-0,000100831760718351
469
-0,000100831760718351
470
-0,000100831760718351
471
-0,000100831763712906
472
-0,000100831757723797
473
-0,000100831754729242
474
-0,000100831751734684
475
-0,000100831751734684
476
-0,000100831751734684
477
-0,000100831751734684
478
-0,000100831751734684
479
-0,000100831742751021
480
-0,000100831739756462
481
-0,000100831733767354
482
-0,000100831739756462
483
-0,000100831736761912
484
-0,000100831739756462
485
-0,000100831736761912
486
-0,000100831727778246
487
-0,000100831724783688
488
-0,000100831724783688
489
-0,000100831727778246
490
-0,000100831727778246
491
-0,000100831730772796
492
-0,000100831724783688
493
-0,000100831721789139
494
-0,000100831718794581
495
-0,000100831712805474
496
-0,000100831718794581
497
-0,000100831721789139
498
-0,000100831718794581
499
-0,000100831715800023
500
-0,000100831709810916
501
-0,000100831706816359
502
-0,000100831712805474
503
-0,000100831715800023
504
-0,000100831715800023
505
-0,000100831712805474
506
-0,000100831709810916
507
-0,000100831706816359
508
-0,00010083170382181
509
-0,000100831706816359
510
-0,000100831706816359
511
-0,000100831706816359
512
-0,000100831700827252
513
-0,000100831697832703
514
-0,000100831694838146
515
-0,000100831694838146
516
-0,000100831700827252
517
-0,000100831697832703
518
-0,000100831697832703
519
-0,000100831694838146
520
-0,000100831691843589
521
-0,00010083168884904
522
-0,000100831691843589
523
-0,000100831694838146
524
-0,000100831691843589
525
-0,000100831685854483
526
-0,000100831685854483
527
-0,000100831682859934
528
-0,000100831682859934
529
-0,000100831685854483
530
-0,000100831685854483
531
-0,000100831685854483
532
-0,000100831679865377
533
-0,00010083167687082
534
-0,000100831670881715
535
-0,000100831670881715
536
-0,000100831673876272
537
-0,000100831673876272
538
-0,00010083167687082
539
-0,000100831670881715
540
-0,000100831667887158
541
-0,000100831664892602
542
-0,000100831667887158
543
-0,000100831667887158
544
-0,000100831670881715
545
-0,000100831667887158
546
-0,000100831661898062
547
-0,000100831664892602
548
-0,000100831667887158
549
-0,000100831664892602
550
-0,000100831661898062
551
-0,000100831667887158
552
-0,000100831658903505
553
-0,000100831655908949
554
-0,000100831652914392
555
-0,000100831652914392
556
-0,000100831655908949
557
-0,000100831652914392
558
-0,000100831655908949
559
-0,000100831652914392
560
-0,000100831652914392
561
-0,00010083164393074
562
-0,00010083164393074
563
-0,00010083164393074
564
-0,000100831646925296
565
-0,000100831637941628
566
-0,000100831634947073
567
-0,000100831631952533
568
-0,000100831631952533
569
-0,000100831628957977
570
-0,000100831628957977
571
-0,000100831628957977
572
-0,000100831622968866
573
-0,000100831616979755
574
-0,000100831613985216
575
-0,000100831613985216
576
-0,00010083161997431
577
-0,000100831616979755
578
-0,000100831613985216
579
-0,00010083160500155
580
-0,000100831602006995
581
-0,000100831596017893
582
-0,00010083160500155
583
-0,00010083160500155
584
-0,00010083160500155
585
-0,000100831602006995
586
-0,000100831596017893
587
-0,000100831590028783
588
-0,000100831587034228
589
-0,000100831587034228
590
-0,000100831587034228
591
-0,000100831587034228
592
-0,000100831584039707
593
-0,000100831575056043
594
-0,000100831575056043
595
-0,000100831575056043
596
-0,000100831575056043
597
-0,000100831575056043
598
-0,000100831572061488
599
-0,00010083156607238
600
-0,000100831563077825
601
-0,000100831557088717
602
-0,000100831557088717
603
-0,000100831557088717
604
-0,000100831557088717
605
-0,000100831554094196
606
-0,000100831545110534
607
-0,00010083154211598
608
-0,000100831539121426
609
-0,000100831539121426
610
-0,000100831536126873
611
-0,000100831539121426
612
-0,000100831530137766
613
-0,000100831524148659
614
-0,000100831524148659
615
-0,000100831518159552
616
-0,000100831518159552
617
-0,000100831518159552
618
-0,000100831512170479
619
-0,000100831509175926
620
-0,00010083150318682
621
-0,000100831497197714
622
-0,000100831497197714
623
-0,000100831497197714
624
-0,000100831491208609
625
-0,000100831488214056
626
-0,000100831479230432
627
-0,000100831473241327
628
-0,000100831470246775
629
-0,000100831470246775
630
-0,000100831467252223
631
-0,000100831464257671
632
-0,000100831458268567
633
-0,000100831452279496
634
-0,000100831449284945
635
-0,000100831443295842
636
-0,000100831446290393
637
-0,00010083144030129
638
-0,000100831434312187
639
-0,000100831428323085
640
-0,000100831422333983
641
-0,000100831413350363
642
-0,000100831413350363
643
-0,000100831407361261
644
-0,00010083140436671
645
-0,00010083140137216
646
-0,000100831392388508
647
-0,000100831389393991
648
-0,00010083138340489
649
-0,00010083138340489
650
-0,00010083138041034
651
-0,00010083137741579
652
-0,00010083136843214
653
-0,000100831365437591
654
-0,000100831359448491
655
-0,000100831356453974
656
-0,000100831356453974
657
-0,000100831353459425
658
-0,000100831353459425
659
-0,000100831347470326
660
-0,000100831341481228
661
-0,00010083133249758
662
-0,000100831329503031
663
-0,000100831329503031
664
-0,000100831326508515
665
-0,000100831320519418
666
-0,00010083131453032
667
-0,000100831311535772
668
-0,000100831308541223
669
-0,000100831302552126
670
-0,000100831299557578
671
-0,000100831302552126
672
-0,000100831293568514
673
-0,000100831287579418
674
-0,00010083128458487
675
-0,000100831281590323
676
-0,000100831281590323
677
-0,000100831278595775
678
-0,000100831278595775
679
-0,000100831272606679
680
-0,000100831266617584
681
-0,000100831260628522
682
-0,000100831260628522
683
-0,000100831260628522
684
-0,000100831260628522
685
-0,000100831257633942
686
-0,000100831254639427
687
-0,000100831251644847
688
-0,000100831248650333
689
-0,000100831251644847
690
-0,000100831251644847
691
-0,000100831251644847
692
-0,000100831248650333
693
-0,000100831242661239
694
-0,000100831242661239
695
-0,000100831242661239
696
-0,000100831248650333
697
-0,000100831245655819
698
-0,000100831242661239
699
-0,000100831239666725
700
-0,000100831239666725
701
-0,000100831236672145
702
-0,000100831242661239
703
-0,000100831242661239
704
-0,000100831245655819
705
-0,000100831245655819
706
-0,000100831242661239
707
-0,000100831248650333
708
-0,000100831248650333
709
-0,000100831251644847
710
-0,000100831257633942
711
-0,000100831263623069
712
-0,000100831260628522
713
-0,000100831260628522
714
-0,000100831266617584
715
-0,000100831269612132
716
-0,000100831278595775
717
-0,00010083128458487
718
-0,000100831293568514
719
-0,000100831293568514
720
-0,000100831296563063
721
-0,000100831296563063
722
-0,000100831308541223
723
-0,000100831320519418
724
-0,000100831329503031
725
-0,000100831338486678
726
-0,000100831341481228
727
-0,000100831347470326
728
-0,000100831353459425
729
-0,00010083137142669
730
-0,00010083137741579
731
-0,000100831392388508
732
-0,000100831398377609
733
-0,000100831407361261
734
-0,000100831413350363
735
-0,000100831425328534
736
-0,000100831434312187
737
-0,000100831446290393
738
-0,000100831458268567
739
-0,000100831464257671
740
-0,000100831470246775
741
-0,000100831479230432
742
-0,000100831494203162
743
-0,000100831509175926
744
-0,000100831515164999
745
-0,000100831527143212
746
-0,000100831530137766
747
-0,000100831539121426
748
-0,000100831548105088
749
-0,000100831560083271
750
-0,000100831569066934
751
-0,000100831578050597
752
-0,000100831584039707
753
-0,000100831590028783
754
-0,000100831596017893
755
-0,00010083160500155
756
-0,000100831616979755
757
-0,000100831622968866
758
-0,000100831631952533
759
-0,000100831637941628
760
-0,00010083164393074
761
-0,000100831646925296
762
-0,000100831658903505
763
-0,000100831667887158
764
-0,00010083167687082
765
-0,000100831682859934
766
-0,000100831685854483
767
-0,00010083168884904
768
-0,000100831697832703
769
-0,000100831706816359
770
-0,000100831709810916
771
-0,000100831721789139
772
-0,000100831721789139
773
-0,000100831721789139
774
-0,000100831724783688
775
-0,000100831730772796
776
-0,000100831739756462
777
-0,000100831745745575
778
-0,000100831748740129
779
-0,000100831751734684
780
-0,000100831754729242
781
-0,000100831751734684
782
-0,000100831760718351
783
-0,000100831766707465
784
-0,000100831769702019
785
-0,000100831775691129
786
-0,000100831772696574
787
-0,000100831775691129
788
-0,000100831775691129
789
-0,000100831781680243
790
-0,000100831784674798
791
-0,000100831790663913
792
-0,000100831787669354
793
-0,000100831784674798
794
-0,000100831787669354
795
-0,000100831790663913
796
-0,000100831796653024
797
-0,000100831799647579
798
-0,000100831802642135
799
-0,000100831802642135
800
-0,000100831802642135
801
-0,000100831799647579
802
-0,000100831802642135
803
-0,000100831808631246
804
-0,000100831811625806
805
-0,000100831811625806
806
-0,000100831811625806
807
-0,000100831814620366
808
-0,000100831814620366
809
-0,000100831820609477
810
-0,000100831817614917
811
-0,000100831820609477
812
-0,000100831817614917
813
-0,000100831817614917
814
-0,000100831817614917
815
-0,000100831820609477
816
-0,000100831823604037
817
-0,000100831820609477
818
-0,000100831823604037
819
-0,000100831826598589
820
-0,000100831823604037
821
-0,000100831817614917
822
-0,000100831823604037
823
-0,000100831826598589
824
-0,000100831826598589
825
-0,000100831826598589
826
-0,000100831823604037
827
-0,000100831820609477
828
-0,000100831823604037
829
-0,000100831820609477
830
-0,000100831823604037
831
-0,000100831826598589
832
-0,000100831823604037
833
-0,000100831820609477
834
-0,000100831817614917
835
-0,000100831820609477
836
-0,000100831823604037
837
-0,000100831823604037
838
-0,000100831826598589
839
-0,000100831826598589
840
-0,000100831826598589
841
-0,000100831823604037
842
-0,000100831826598589
843
-0,000100831826598589
844
-0,00010083182959315
845
-0,000100831826598589
846
-0,000100831823604037
847
-0,000100831820609477
848
-0,000100831817614917
849
-0,000100831820609477
850
-0,000100831820609477
851
-0,00010083182959315
852
-0,000100831826598589
853
-0,000100831823604037
854
-0,000100831820609477
855
-0,000100831823604037
856
-0,000100831826598589
857
-0,00010083182959315
858
-0,000100831826598589
859
-0,000100831823604037
860
-0,000100831823604037
861
-0,000100831820609477
862
-0,000100831820609477
863
-0,000100831826598589
864
-0,000100831826598589
865
-0,000100831826598589
866
-0,000100831820609477
867
-0,000100831817614917
868
-0,000100831820609477
869
-0,000100831820609477
870
-0,000100831823604037
871
-0,000100831826598589
872
-0,000100831820609477
873
-0,000100831817614917
874
-0,000100831814620366
875
-0,000100831817614917
876
-0,000100831820609477
877
-0,000100831817614917
878
-0,000100831820609477
879
-0,000100831820609477
880
-0,000100831820609477
881
-0,000100831814620366
882
-0,000100831820609477
883
-0,000100831823604037
884
-0,000100831823604037
885
-0,000100831820609477
886
-0,000100831817614917
887
-0,000100831817614917
888
-0,000100831814620366
889
-0,000100831817614917
890
-0,000100831817614917
891
-0,000100831823604037
892
-0,000100831820609477
893
-0,000100831814620366
894
-0,000100831817614917
895
-0,000100831817614917
896
-0,000100831817614917
897
-0,000100831817614917
898
-0,000100831820609477
899
-0,000100831814620366
900
-0,000100831811625806
901
-0,000100831811625806
902
-0,000100831814620366
903
-0,000100831814620366
904
-0,000100831808631246
905
-0,000100831808631246
906
-0,000100831805636694
907
-0,000100831805636694
908
-0,000100831802642135
909
-0,000100831805636694
910
-0,000100831805636694
911
-0,000100831808631246
912
-0,000100831805636694
913
-0,000100831802642135
914
-0,000100831799647579
915
-0,000100831799647579
916
-0,000100831799647579
917
-0,000100831802642135
918
-0,000100831802642135
919
-0,000100831802642135
920
-0,000100831799647579
921
-0,000100831796653024
922
-0,000100831799647579
923
-0,000100831799647579
924
-0,000100831799647579
925
-0,000100831796653024
926
-0,000100831793658464
927
-0,000100831793658464
928
-0,000100831793658464
929
-0,000100831799647579
930
-0,000100831796653024
931
-0,000100831802642135
932
-0,000100831799647579
933
-0,000100831796653024
934
-0,000100831793658464
935
-0,000100831796653024
936
-0,000100831802642135
937
-0,000100831802642135
938
-0,000100831799647579
939
-0,000100831799647579
940
-0,000100831799647579
941
-0,000100831796653024
942
-0,000100831799647579
943
-0,000100831802642135
944
-0,000100831802642135
945
-0,000100831802642135
946
-0,000100831796653024
947
-0,000100831799647579
948
-0,000100831793658464
949
-0,000100831796653024
950
-0,000100831799647579
951
-0,000100831799647579
952
-0,000100831799647579
953
-0,000100831793658464
954
-0,000100831796653024
955
-0,000100831796653024
956
-0,000100831799647579
957
-0,000100831796653024
958
-0,000100831799647579
959
-0,000100831796653024
960
-0,000100831793658464
961
-0,000100831790663913
962
-0,000100831793658464
963
-0,000100831799647579
964
-0,000100831802642135
965
-0,000100831799647579
966
-0,000100831796653024
967
-0,000100831796653024
968
-0,000100831799647579
969
-0,000100831802642135
970
-0,000100831802642135
971
-0,000100831808631246
972
-0,000100831802642135
973
-0,000100831802642135
974
-0,000100831802642135
975
-0,000100831802642135
976
-0,000100831808631246
977
-0,000100831808631246
978
-0,000100831805636694
979
-0,000100831802642135
980
-0,000100831802642135
981
-0,000100831799647579
982
-0,000100831805636694
983
-0,000100831805636694
984
-0,000100831805636694
985
-0,000100831805636694
986
-0,000100831802642135
987
-0,000100831805636694
988
-0,000100831802642135
989
-0,000100831808631246
990
-0,000100831811625806
991
-0,000100831814620366
992
-0,000100831811625806
993
-0,000100831808631246
994
-0,000100831805636694
995
-0,000100831808631246
996
-0,000100831805636694
997
-0,000100831808631246
998
-0,000100831808631246
999
-0,000100831805636694
1000
-0,000100831805636694
1001
-0,000100831805636694
1002
-0,000100831811625806
1003
-0,000100831811625806
1004
-0,000100831811625806
1005
-0,000100831811625806
1006
-0,000100831805636694
1007
-0,000100831805636694
1008
-0,000100831808631246
1009
-0,000100831811625806
1010
-0,000100831811625806
1011
-0,000100831820609477
1012
-0,000100831814620366
1013
-0,000100831814620366
1014
-0,000100831811625806
1015
-0,000100831808631246
1016
-0,000100831814620366
1017
-0,000100831814620366
1018
-0,000100831814620366
1019
-0,000100831814620366
1020
-0,000100831814620366
1021
-0,000100831811625806
1022
-0,000100831814620366
1023
-0,000100831817614917
1024
-0,000100831817614917
1025
-0,000100831817614917
1026
-0,000100831811625806
1027
-0,000100831811625806
1028
-0,000100831814620366
1029
-0,000100831817614917
1030
-0,000100831820609477
1031
-0,000100831820609477
1032
-0,000100831814620366
1033
-0,000100831811625806
1034
-0,000100831811625806
1035
-0,000100831814620366
1036
-0,000100831817614917
1037
-0,000100831817614917
1038
-0,000100831820609477
1039
-0,000100831817614917
1040
-0,000100831817614917
1041
-0,000100831814620366
1042
-0,000100831817614917
1043
-0,000100831820609477
1044
-0,000100831823604037
1045
-0,000100831823604037
1046
-0,000100831820609477
1047
-0,000100831817614917
1048
-0,000100831817614917
1049
-0,000100831820609477
1050
-0,000100831823604037
1051
-0,000100831826598589
1052
-0,000100831820609477
1053
-0,000100831820609477
1054
-0,000100831817614917
1055
-0,000100831820609477
1056
-0,000100831823604037
1057
-0,000100831820609477
1058
-0,000100831823604037
1059
-0,000100831820609477
1060
-0,000100831823604037
1061
-0,000100831820609477
1062
-0,000100831826598589
1063
-0,000100831826598589
1064
-0,00010083182959315
1065
-0,00010083182959315
1066
-0,000100831826598589
1067
-0,000100831826598589
1068
-0,000100831823604037
1069
-0,000100831826598589
1070
-0,000100831823604037
1071
-0,00010083182959315
1072
-0,000100831826598589
1073
-0,000100831823604037
1074
-0,000100831823604037
1075
-0,000100831826598589
1076
-0,000100831826598589
1077
-0,000100831826598589
1078
-0,00010083182959315
1079
-0,000100831826598589
1080
-0,000100831826598589
1081
-0,000100831820609477
1082
-0,000100831826598589
1083
-0,000100831832587702
1084
-0,00010083182959315
1085
-0,00010083182959315
1086
-0,000100831823604037
1087
-0,000100831826598589
1088
-0,000100831820609477
1089
-0,000100831823604037
1090
-0,000100831826598589
1091
-0,000100831832587702
1092
-0,000100831826598589
1093
-0,000100831826598589
1094
-0,000100831823604037
1095
-0,000100831826598589
1096
-0,00010083182959315
1097
-0,000100831832587702
1098
-0,000100831832587702
1099
-0,000100831826598589
1100
-0,000100831823604037
1101
-0,000100831823604037
1102
-0,00010083182959315
1103
-0,000100831832587702
1104
-0,000100831832587702
1105
-0,00010083182959315
1106
-0,000100831826598589
1107
-0,000100831826598589
1108
-0,000100831823604037
1109
-0,000100831826598589
1110
-0,00010083182959315
1111
-0,000100831832587702
1112
-0,000100831826598589
1113
-0,000100831826598589
1114
-0,000100831826598589
1115
-0,000100831826598589
1116
-0,000100831826598589
1117
-0,000100831826598589
1118
-0,00010083182959315
1119
-0,000100831823604037
1120
-0,000100831820609477
1121
-0,000100831817614917
1122
-0,000100831823604037
1123
-0,000100831823604037
1124
-0,000100831823604037
1125
-0,000100831820609477
1126
-0,000100831820609477
1127
-0,000100831817614917
1128
-0,000100831817614917
1129
-0,000100831820609477
1130
-0,000100831820609477
1131
-0,000100831823604037
1132
-0,000100831817614917
1133
-0,000100831817614917
1134
-0,000100831814620366
1135
-0,000100831817614917
1136
-0,000100831823604037
1137
-0,000100831823604037
1138
-0,000100831823604037
1139
-0,000100831820609477
1140
-0,000100831820609477
1141
-0,000100831817614917
1142
-0,000100831820609477
1143
-0,000100831820609477
1144
-0,000100831823604037
1145
-0,000100831820609477
1146
-0,000100831817614917
1147
-0,000100831817614917
1148
-0,000100831814620366
1149
-0,000100831817614917
1150
-0,000100831820609477
1151
-0,000100831823604037
1152
-0,000100831820609477
1153
-0,000100831817614917
1154
-0,000100831814620366
1155
-0,000100831817614917