1,0000000000000000
-0,0001325739431195
2,0000000000000000
-0,0001339039445156
3,0000000000000000
-0,0001339039445156
4,0000000000000000
-0,0001339039445156
5,0000000000000000
-0,0001339039445156
6,0000000000000000
-0,0001325739431195
7,0000000000000000
-0,0001325739431195
8,0000000000000000
-0,0001325739431195
9,0000000000000000
-0,0001325739431195
10,0000000000000000
-0,0001339039445156
11,0000000000000000
-0,0001339039445156
12,0000000000000000
-0,0001325739431195
13,0000000000000000
-0,0001312439417234
14,0000000000000000
-0,0001312439417234
15,0000000000000000
-0,0001325739431195
16,0000000000000000
-0,0001325739431195
17,0000000000000000
-0,0001325739431195
18,0000000000000000
-0,0001312439417234
19,0000000000000000
-0,0001312439417234
20,0000000000000000
-0,0001325739431195
21,0000000000000000
-0,0001299139403272
22,0000000000000000
-0,0001312439417234
23,0000000000000000
-0,0001312439417234
24,0000000000000000
-0,0001312439417234
25,0000000000000000
-0,0001299139403272
26,0000000000000000
-0,0001299139403272
27,0000000000000000
-0,0001299139403272
28,0000000000000000
-0,0001299139403272
29,0000000000000000
-0,0001299139403272
30,0000000000000000
-0,0001312439417234
31,0000000000000000
-0,0001299139403272
32,0000000000000000
-0,0001299139403272
33,0000000000000000
-0,0001285839389311
34,0000000000000000
-0,0001285839389311
35,0000000000000000
-0,0001285839389311
36,0000000000000000
-0,0001285839389311
37,0000000000000000
-0,0001285839389311
38,0000000000000000
-0,0001299139403272
39,0000000000000000
-0,0001285839389311
40,0000000000000000
-0,0001285839389311
41,0000000000000000
-0,0001285839389311
42,0000000000000000
-0,0001285839389311
43,0000000000000000
-0,0001285839389311
44,0000000000000000
-0,0001285839389311
45,0000000000000000
-0,0001285839389311
46,0000000000000000
-0,0001285839389311
47,0000000000000000
-0,0001285839389311
48,0000000000000000
-0,0001285839389311
49,0000000000000000
-0,0001285839389311
50,0000000000000000
-0,0001272539375350
51,0000000000000000
-0,0001259239506908
52,0000000000000000
-0,0001259239506908
53,0000000000000000
-0,0001259239506908
54,0000000000000000
-0,0001259239506908
55,0000000000000000
-0,0001259239506908
56,0000000000000000
-0,0001259239506908
57,0000000000000000
-0,0001259239506908
58,0000000000000000
-0,0001259239506908
59,0000000000000000
-0,0001272539375350
60,0000000000000000
-0,0001272539375350
61,0000000000000000
-0,0001272539375350
62,0000000000000000
-0,0001259239506908
63,0000000000000000
-0,0001272539375350
64,0000000000000000
-0,0001272539375350
65,0000000000000000
-0,0001259239506908
66,0000000000000000
-0,0001259239506908
67,0000000000000000
-0,0001259239506908
68,0000000000000000
-0,0001259239506908
69,0000000000000000
-0,0001259239506908
70,0000000000000000
-0,0001272539375350
71,0000000000000000
-0,0001272539375350
72,0000000000000000
-0,0001272539375350
73,0000000000000000
-0,0001259239506908
74,0000000000000000
-0,0001259239506908
75,0000000000000000
-0,0001272539375350
76,0000000000000000
-0,0001272539375350
77,0000000000000000
-0,0001272539375350
78,0000000000000000
-0,0001285839389311
79,0000000000000000
-0,0001299139403272
80,0000000000000000
-0,0001299139403272
81,0000000000000000
-0,0001285839389311
82,0000000000000000
-0,0001272539375350
83,0000000000000000
-0,0001285839389311
84,0000000000000000
-0,0001272539375350
85,0000000000000000
-0,0001272539375350
86,0000000000000000
-0,0001285839389311
87,0000000000000000
-0,0001272539375350
88,0000000000000000
-0,0001272539375350
89,0000000000000000
-0,0001272539375350
90,0000000000000000
-0,0001285839389311
91,0000000000000000
-0,0001272539375350
92,0000000000000000
-0,0001272539375350
93,0000000000000000
-0,0001259239506908
94,0000000000000000
-0,0001259239506908
95,0000000000000000
-0,0001259239506908
96,0000000000000000
-0,0001245939347427
97,0000000000000000
-0,0001259239506908
98,0000000000000000
-0,0001272539375350
99,0000000000000000
-0,0001272539375350
100,0000000000000000
-0,0001285839389311
101,0000000000000000
-0,0001285839389311
102,0000000000000000
-0,0001285839389311
103,0000000000000000
-0,0001285839389311
104,0000000000000000
-0,0001285839389311
105,0000000000000000
-0,0001285839389311
106,0000000000000000
-0,0001272539375350
107,0000000000000000
-0,0001272539375350
108,0000000000000000
-0,0001285839389311
109,0000000000000000
-0,0001285839389311
110,0000000000000000
-0,0001285839389311
111,0000000000000000
-0,0001285839389311
112,0000000000000000
-0,0001299139403272
113,0000000000000000
-0,0001285839389311
114,0000000000000000
-0,0001272539375350
115,0000000000000000
-0,0001272539375350
116,0000000000000000
-0,0001285839389311
117,0000000000000000
-0,0001272539375350
118,0000000000000000
-0,0001259239506908
119,0000000000000000
-0,0001259239506908
120,0000000000000000
-0,0001245939347427
121,0000000000000000
-0,0001245939347427
122,0000000000000000
-0,0001272539375350
123,0000000000000000
-0,0001272539375350
124,0000000000000000
-0,0001285839389311
125,0000000000000000
-0,0001272539375350
126,0000000000000000
-0,0001259239506908
127,0000000000000000
-0,0001245939347427
128,0000000000000000
-0,0001245939347427
129,0000000000000000
-0,0001245939347427
130,0000000000000000
-0,0001245939347427
131,0000000000000000
-0,0001259239506908
132,0000000000000000
-0,0001259239506908
133,0000000000000000
-0,0001259239506908
134,0000000000000000
-0,0001285839389311
135,0000000000000000
-0,0001299139403272
136,0000000000000000
-0,0001299139403272
137,0000000000000000
-0,0001285839389311
138,0000000000000000
-0,0001285839389311
139,0000000000000000
-0,0001272539375350
140,0000000000000000
-0,0001272539375350
141,0000000000000000
-0,0001272539375350
142,0000000000000000
-0,0001259239506908
143,0000000000000000
-0,0001272539375350
144,0000000000000000
-0,0001259239506908
145,0000000000000000
-0,0001272539375350
146,0000000000000000
-0,0001272539375350
147,0000000000000000
-0,0001272539375350
148,0000000000000000
-0,0001259239506908
149,0000000000000000
-0,0001259239506908
150,0000000000000000
-0,0001232639478985
151,0000000000000000
-0,0001245939347427
152,0000000000000000
-0,0001245939347427
153,0000000000000000
-0,0001245939347427
154,0000000000000000
-0,0001245939347427
155,0000000000000000
-0,0001259239506908
156,0000000000000000
-0,0001259239506908
157,0000000000000000
-0,0001259239506908
158,0000000000000000
-0,0001259239506908
159,0000000000000000
-0,0001232639478985
160,0000000000000000
-0,0001245939347427
161,0000000000000000
-0,0001245939347427
162,0000000000000000
-0,0001245939347427
163,0000000000000000
-0,0001259239506908
164,0000000000000000
-0,0001245939347427
165,0000000000000000
-0,0001232639478985
166,0000000000000000
-0,0001219339465024
167,0000000000000000
-0,0001232639478985
168,0000000000000000
-0,0001219339465024
169,0000000000000000
-0,0001232639478985
170,0000000000000000
-0,0001232639478985
171,0000000000000000
-0,0001259239506908
172,0000000000000000
-0,0001245939347427
173,0000000000000000
-0,0001232639478985
174,0000000000000000
-0,0001232639478985
175,0000000000000000
-0,0001219339465024
176,0000000000000000
-0,0001219339465024
177,0000000000000000
-0,0001219339465024
178,0000000000000000
-0,0001232639478985
179,0000000000000000
-0,0001232639478985
180,0000000000000000
-0,0001232639478985
181,0000000000000000
-0,0001232639478985
182,0000000000000000
-0,0001232639478985
183,0000000000000000
-0,0001232639478985
184,0000000000000000
-0,0001232639478985
185,0000000000000000
-0,0001232639478985
186,0000000000000000
-0,0001219339465024
187,0000000000000000
-0,0001232639478985
188,0000000000000000
-0,0001232639478985
189,0000000000000000
-0,0001259239506908
190,0000000000000000
-0,0001259239506908
191,0000000000000000
-0,0001259239506908
192,0000000000000000
-0,0001245939347427
193,0000000000000000
-0,0001259239506908
194,0000000000000000
-0,0001259239506908
195,0000000000000000
-0,0001259239506908
196,0000000000000000
-0,0001259239506908
197,0000000000000000
-0,0001259239506908
198,0000000000000000
-0,0001259239506908
199,0000000000000000
-0,0001245939347427
200,0000000000000000
-0,0001259239506908
201,0000000000000000
-0,0001245939347427
202,0000000000000000
-0,0001245939347427
203,0000000000000000
-0,0001245939347427
204,0000000000000000
-0,0001245939347427
205,0000000000000000
-0,0001232639478985
206,0000000000000000
-0,0001232639478985
207,0000000000000000
-0,0001232639478985
208,0000000000000000
-0,0001245939347427
209,0000000000000000
-0,0001232639478985
210,0000000000000000
-0,0001232639478985
211,0000000000000000
-0,0001232639478985
212,0000000000000000
-0,0001219339465024
213,0000000000000000
-0,0001206039451063
214,0000000000000000
-0,0001206039451063
215,0000000000000000
-0,0001206039451063
216,0000000000000000
-0,0001192739437101
217,0000000000000000
-0,0001192739437101
218,0000000000000000
-0,0001179439423140
219,0000000000000000
-0,0001179439423140
220,0000000000000000
-0,0001166139409179
221,0000000000000000
-0,0001152839395218
222,0000000000000000
-0,0001139539381256
223,0000000000000000
-0,0001126239440055
224,0000000000000000
-0,0001086339470930
225,0000000000000000
-0,0001086339470930
226,0000000000000000
-0,0001059739443008
227,0000000000000000
-0,0001033139415085
228,0000000000000000
-0,0001006539387163
229,0000000000000000
-0,0000879939432000
230,0000000000000000
-0,0000953339476837
231,0000000000000000
-0,0000953339476837
232,0000000000000000
-0,0000926739448914
233,0000000000000000
-0,0000900139420992
234,0000000000000000
-0,0000873539393069
235,0000000000000000
-0,0000833639423945
236,0000000000000000
-0,0000807039396022
237,0000000000000000
-0,0000780439440859
238,0000000000000000
-0,0000767139426898
239,0000000000000000
-0,0000767139426898
240,0000000000000000
-0,0000753839412937
241,0000000000000000
-0,0000727239457774
242,0000000000000000
-0,0000700639429851
243,0000000000000000
-0,0000700639429851
244,0000000000000000
-0,0000700639429851
245,0000000000000000
-0,0000687339415890
246,0000000000000000
-0,0000660739460727
247,0000000000000000
-0,0000660739460727
248,0000000000000000
-0,0000660739460727
249,0000000000000000
-0,0000647439446766
250,0000000000000000
-0,0000620839418843
251,0000000000000000
-0,0000620839418843
252,0000000000000000
-0,0000594239390921
253,0000000000000000
-0,0000554339421797
254,0000000000000000
-0,0000514439452672
255,0000000000000000
-0,0000474539410789
256,0000000000000000
-0,0000447939455626
257,0000000000000000
-0,0000408039413742
258,0000000000000000
-0,0000368139444618
259,0000000000000000
-0,0000341539416695
260,0000000000000000
-0,0000341539416695
261,0000000000000000
-0,0000301639447571
262,0000000000000000
-0,0000275039419648
263,0000000000000000
-0,0000261739405687
264,0000000000000000
-0,0000248439391726
265,0000000000000000
-0,0000221839436563
266,0000000000000000
-0,0000195239408640
267,0000000000000000
-0,0000168639380718
268,0000000000000000
-0,0000128739484353
269,0000000000000000
-0,0000088839442469
270,0000000000000000
-0,0000062239414547
271,0000000000000000
-0,0000062239414547
272,0000000000000000
-0,0000048939400585
273,0000000000000000
-0,0000035639386624
274,0000000000000000
-0,0000022339372663
275,0000000000000000
-0,0000022339372663
276,0000000000000000
-0,0000009039358702
277,0000000000000000
-0,0000022339372663
278,0000000000000000
-0,0000022339372663
279,0000000000000000
-0,0000022339372663
280,0000000000000000
-0,0000009039358702
281,0000000000000000
-0,0000009039358702
282,0000000000000000
0,0000004260509741
283,0000000000000000
0,0000030860537663
284,0000000000000000
0,0000017560523702
285,0000000000000000
0,0000004260509741
286,0000000000000000
0,0000004260509741
287,0000000000000000
-0,0000022339372663
288,0000000000000000
-0,0000035639386624
289,0000000000000000
-0,0000048939400585
290,0000000000000000
-0,0000062239414547
291,0000000000000000
-0,0000075539428508
292,0000000000000000
-0,0000102139456430
293,0000000000000000
-0,0000128739484353
294,0000000000000000
-0,0000155339366756
295,0000000000000000
-0,0000195239408640
296,0000000000000000
-0,0000235139450524
297,0000000000000000
-0,0000275039419648
298,0000000000000000
-0,0000328239402734
299,0000000000000000
-0,0000381439458579
300,0000000000000000
-0,0000434639441664
301,0000000000000000
-0,0000474539410789
302,0000000000000000
-0,0000514439452672
303,0000000000000000
-0,0000541039407835
304,0000000000000000
-0,0000594239390921
305,0000000000000000
-0,0000647439446766
306,0000000000000000
-0,0000687339415890
307,0000000000000000
-0,0000727239457774
308,0000000000000000
-0,0000767139426898
309,0000000000000000
-0,0000820339409984
310,0000000000000000
-0,0000886839407030
311,0000000000000000
-0,0000940039462876
312,0000000000000000
-0,0000993239373202
313,0000000000000000
-0,0001019839401124
314,0000000000000000
-0,0001046439429047
315,0000000000000000
-0,0001173039456969
316,0000000000000000
-0,0001099639412132
317,0000000000000000
-0,0001126239440055
318,0000000000000000
-0,0001152839395218
319,0000000000000000
-0,0001166139409179
320,0000000000000000
-0,0001179439423140
321,0000000000000000
-0,0001206039451063
322,0000000000000000
-0,0001206039451063
323,0000000000000000
-0,0001219339465024
324,0000000000000000
-0,0001232639478985
325,0000000000000000
-0,0001259239506908
326,0000000000000000
-0,0001259239506908
327,0000000000000000
-0,0001245939347427
328,0000000000000000
-0,0001259239506908
329,0000000000000000
-0,0001285839389311
330,0000000000000000
-0,0001299139403272
331,0000000000000000
-0,0001299139403272
332,0000000000000000
-0,0001285839389311
333,0000000000000000
-0,0001299139403272
334,0000000000000000
-0,0001312439417234
335,0000000000000000
-0,0001299139403272
336,0000000000000000
-0,0001299139403272
337,0000000000000000
-0,0001312439417234
338,0000000000000000
-0,0001312439417234
339,0000000000000000
-0,0001312439417234
340,0000000000000000
-0,0001312439417234
341,0000000000000000
-0,0001325739431195
342,0000000000000000
-0,0001339039445156
343,0000000000000000
-0,0001352339459118
344,0000000000000000
-0,0001339039445156
345,0000000000000000
-0,0001339039445156
346,0000000000000000
-0,0001352339459118
347,0000000000000000
-0,0001352339459118
348,0000000000000000
-0,0001352339459118
349,0000000000000000
-0,0001365639473079
350,0000000000000000
-0,0001365639473079
351,0000000000000000
-0,0001378939487040
352,0000000000000000
-0,0001378939487040
353,0000000000000000
-0,0001392239355482
354,0000000000000000
-0,0001378939487040
355,0000000000000000
-0,0001378939487040
356,0000000000000000
-0,0001378939487040
357,0000000000000000
-0,0001365639473079
358,0000000000000000
-0,0001365639473079
359,0000000000000000
-0,0001378939487040
360,0000000000000000
-0,0001378939487040
361,0000000000000000
-0,0001365639473079
362,0000000000000000
-0,0001378939487040
363,0000000000000000
-0,0001392239355482
364,0000000000000000
-0,0001378939487040
365,0000000000000000
-0,0001392239355482
366,0000000000000000
-0,0001298939487040
367,0000000000000000
-0,0001392239355482
368,0000000000000000
-0,0001405539369443
369,0000000000000000
-0,0001418839383405
370,0000000000000000
-0,0001432139397366
371,0000000000000000
-0,0001458739425289
372,0000000000000000
-0,0001498639467172
373,0000000000000000
-0,0001551839377498
374,0000000000000000
-0,0001618339447305
375,0000000000000000
-0,0001684839371592
376,0000000000000000
-0,0001751339441398
377,0000000000000000
-0,0001831139379647
378,0000000000000000
-0,0001897639449453
379,0000000000000000
-0,0001910939463414
380,0000000000000000
-0,0001937539491337
381,0000000000000000
-0,0001950839359779
382,0000000000000000
-0,0001990739401663
383,0000000000000000
-0,0002004039415624
384,0000000000000000
-0,0002043939457508
385,0000000000000000
-0,0002057239471469
386,0000000000000000
-0,0002070539339911
387,0000000000000000
-0,0002057239471469
388,0000000000000000
-0,0002004039415624
389,0000000000000000
-0,0001924239477376
390,0000000000000000
-0,0001777939469321
391,0000000000000000
-0,0001605039433343
392,0000000000000000
-0,0001392239355482
393,0000000000000000
-0,0001139539381256
394,0000000000000000
-0,0000793739454821
395,0000000000000000
-0,0000354839430656
396,0000000000000000
0,0000110660621431
397,0000000000000000
0,0000629360583844
398,0000000000000000
0,0001201260456583
399,0000000000000000
0,0001839660544647
400,0000000000000000
0,0002557860570960
401,0000000000000000
0,0003342560376041
402,0000000000000000
0,0004167160950601
403,0000000000000000
0,0005005060811527
404,0000000000000000
0,0005896160728298
405,0000000000000000
0,0006800560513511
406,0000000000000000
0,0007691660430282
407,0000000000000000
0,0008582760929130
408,0000000000000000
0,0009420660207979
409,0000000000000000
0,0010231960332021
410,0000000000000000
0,0011016660137102
411,0000000000000000
0,0011788060655817
412,0000000000000000
0,0012426460161805
413,0000000000000000
0,0012891959631816
414,0000000000000000
0,0013157960493118
415,0000000000000000
0,0013251060154289
416,0000000000000000
0,0013277659891173
417,0000000000000000
0,0013184560230002
418,0000000000000000
0,0012958459556103
419,0000000000000000
0,0012559460010380
420,0000000000000000
0,0012080660089850
421,0000000000000000
0,0011535360245034
422,0000000000000000
0,0010963460663334
423,0000000000000000
0,0010351659730077
424,0000000000000000
0,0009660060168244
425,0000000000000000
0,0008862061076798
426,0000000000000000
0,0007970960577950
427,0000000000000000
0,0006960160681047
428,0000000000000000
0,0005922760465182
429,0000000000000000
0,0004845460643992
430,0000000000000000
0,0003834660747088
431,0000000000000000
0,0002930260379799
432,0000000000000000
0,0002145560429199
433,0000000000000000
0,0001467260444770
434,0000000000000000
0,0000868760544108
435,0000000000000000
0,0000376660609618
436,0000000000000000
-0,0000062239414547
437,0000000000000000
-0,0000434639441664
438,0000000000000000
-0,0000727239457774
439,0000000000000000
-0,0000966639418039
440,0000000000000000
-0,0001152839395218
441,0000000000000000
-0,0001385839389311
442,0000000000000000
-0,0001392239355482
443,0000000000000000
-0,0001418839383405
444,0000000000000000
-0,0001432139397366
445,0000000000000000
-0,0001378939487040
446,0000000000000000
-0,0001299139403272
447,0000000000000000
-0,0001192739437101
448,0000000000000000
-0,0001059739443008
449,0000000000000000
-0,0000900139420992
450,0000000000000000
-0,0000753839412937
451,0000000000000000
-0,0000607539404882
452,0000000000000000
-0,0000474539410789
453,0000000000000000
-0,0000341539416695
454,0000000000000000
-0,0000248439391726
455,0000000000000000
-0,0000195239408640
456,0000000000000000
-0,0000142039352795
457,0000000000000000
-0,0000128739484353
458,0000000000000000
-0,0000035439470392
459,0000000000000000
-0,0000128739484353
460,0000000000000000
-0,0000142039352795
461,0000000000000000
-0,0000168639380718
462,0000000000000000
-0,0000195239408640
463,0000000000000000
-0,0000248439391726
464,0000000000000000
-0,0000288339433610
465,0000000000000000
-0,0000328239402734
466,0000000000000000
-0,0000354839430656
467,0000000000000000
-0,0000394739399781
468,0000000000000000
-0,0000421339427703
469,0000000000000000
-0,0000447939455626
470,0000000000000000
-0,0000474539410789
471,0000000000000000
-0,0000487839424750
472,0000000000000000
-0,0000501139438711
473,0000000000000000
-0,0000514439452672
474,0000000000000000
-0,0000514439452672
475,0000000000000000
-0,0000514439452672
476,0000000000000000
-0,0000514439452672
477,0000000000000000
-0,0000514439452672
478,0000000000000000
-0,0000501139438711
479,0000000000000000
-0,0000474539410789
480,0000000000000000
-0,0000501139438711
481,0000000000000000
-0,0000487839424750
482,0000000000000000
-0,0000501139438711
483,0000000000000000
-0,0000501139438711
484,0000000000000000
-0,0000487839424750
485,0000000000000000
-0,0000487839424750
486,0000000000000000
-0,0000474539410789
487,0000000000000000
-0,0000474539410789
488,0000000000000000
-0,0000474539410789
489,0000000000000000
-0,0000461239396827
490,0000000000000000
-0,0000474539410789
491,0000000000000000
-0,0000474539410789
492,0000000000000000
-0,0000461239396827
493,0000000000000000
-0,0000461239396827
494,0000000000000000
-0,0000447939455626
495,0000000000000000
-0,0000447939455626
496,0000000000000000
-0,0000447939455626
497,0000000000000000
-0,0000447939455626
498,0000000000000000
-0,0000447939455626
499,0000000000000000
-0,0000447939455626
500,0000000000000000
-0,0000434639441664
501,0000000000000000
-0,0000434639441664
502,0000000000000000
-0,0000447939455626
503,0000000000000000
-0,0000447939455626
504,0000000000000000
-0,0000434639441664
505,0000000000000000
-0,0000421339427703
506,0000000000000000
-0,0000408039413742
507,0000000000000000
-0,0000408039413742
508,0000000000000000
-0,0000394739399781
509,0000000000000000
-0,0000394739399781
510,0000000000000000
-0,0000394739399781
511,0000000000000000
-0,0000381439458579
512,0000000000000000
-0,0000368139444618
513,0000000000000000
-0,0000354839430656
514,0000000000000000
-0,0000341539416695
515,0000000000000000
-0,0000341539416695
516,0000000000000000
-0,0000341539416695
517,0000000000000000
-0,0000314939461532
518,0000000000000000
-0,0000314939461532
519,0000000000000000
-0,0000314939461532
520,0000000000000000
-0,0000301639447571
521,0000000000000000
-0,0000301639447571
522,0000000000000000
-0,0000288339433610
523,0000000000000000
-0,0000275039419648
524,0000000000000000
-0,0000235139450524
525,0000000000000000
-0,0000208539422601
526,0000000000000000
-0,0000221839436563
527,0000000000000000
-0,0000221839436563
528,0000000000000000
-0,0000221839436563
529,0000000000000000
-0,0000221839436563
530,0000000000000000
-0,0000208539422601
531,0000000000000000
-0,0000181939394679
532,0000000000000000
-0,0000181939394679
533,0000000000000000
-0,0000168639380718
534,0000000000000000
-0,0000168639380718
535,0000000000000000
-0,0000155339366756
536,0000000000000000
-0,0000155339366756
537,0000000000000000
-0,0000128739484353
538,0000000000000000
-0,0000128739484353
539,0000000000000000
-0,0000115439470392
540,0000000000000000
-0,0000088839442469
541,0000000000000000
-0,0000088839442469
542,0000000000000000
-0,0000088839442469
543,0000000000000000
-0,0000075539428508
544,0000000000000000
-0,0000062239414547
545,0000000000000000
-0,0000048939400585
546,0000000000000000
-0,0000035639386624
547,0000000000000000
-0,0000035639386624
548,0000000000000000
-0,0000009039358702
549,0000000000000000
-0,0000009039358702
550,0000000000000000
0,0000004260509741
551,0000000000000000
0,0000017560523702
552,0000000000000000
0,0000030860537663
553,0000000000000000
0,0000030860537663
554,0000000000000000
0,0000044160551624
555,0000000000000000
0,0000057460565586
556,0000000000000000
0,0000070760579547
557,0000000000000000
0,0000070760579547
558,0000000000000000
0,0000097360607469
559,0000000000000000
0,0000110660621431
560,0000000000000000
0,0000110660621431
561,0000000000000000
0,0000137260503834
562,0000000000000000
0,0000137260503834
563,0000000000000000
0,0000163860531757
564,0000000000000000
0,0000163860531757
565,0000000000000000
0,0000177160545718
566,0000000000000000
0,0000203760573640
567,0000000000000000
0,0000203760573640
568,0000000000000000
0,0000230360601563
569,0000000000000000
0,0000243660615524
570,0000000000000000
0,0000256960629486
571,0000000000000000
0,0000283560511889
572,0000000000000000
0,0000310160539811
573,0000000000000000
0,0000336760567734
574,0000000000000000
0,0000363360595657
575,0000000000000000
0,0000376660609618
576,0000000000000000
0,0000389960623579
577,0000000000000000
0,0000403260637540
578,0000000000000000
0,0000443160533905
579,0000000000000000
0,0000443160533905
580,0000000000000000
0,0000483060575789
581,0000000000000000
0,0000522960617673
582,0000000000000000
0,0000536260631634
583,0000000000000000
0,0000536260631634
584,0000000000000000
0,0000562860514037
585,0000000000000000
0,0000589460541960
586,0000000000000000
0,0000616060569882
587,0000000000000000
0,0000629360583844
588,0000000000000000
0,0000655960611766
589,0000000000000000
0,0000682560639689
590,0000000000000000
0,0000695860508131
591,0000000000000000
0,0000735760550015
592,0000000000000000
0,0000749060563976
593,0000000000000000
0,0000775660591898
594,0000000000000000
0,0000802260619821
595,0000000000000000
0,0000815560633782
596,0000000000000000
0,0000828860502224
597,0000000000000000
0,0000842160516186
598,0000000000000000
0,0000868760544108
599,0000000000000000
0,0000895360572031
600,0000000000000000
0,0000921960599953
601,0000000000000000
0,0000948560627876
602,0000000000000000
0,0000961860641837
603,0000000000000000
0,0001001760683721
604,0000000000000000
0,0001028360711643
605,0000000000000000
0,0001041660580086
606,0000000000000000
0,0001068260608008
607,0000000000000000
0,0001094860635931
608,0000000000000000
0,0001121460663853
609,0000000000000000
0,0001148060691776
610,0000000000000000
0,0001187960588140
611,0000000000000000
0,0001214560616063
612,0000000000000000
0,0001241160643985
613,0000000000000000
0,0001267760671908
614,0000000000000000
0,0001281060540350
615,0000000000000000
0,0001320960436715
616,0000000000000000
0,0001347560464637
617,0000000000000000
0,0001360860624118
618,0000000000000000
0,0001414060679963
619,0000000000000000
0,0001440660707885
620,0000000000000000
0,0001480560604250
621,0000000000000000
0,0001507160632173
622,0000000000000000
0,0001533760660095
623,0000000000000000
0,0001573660556460
624,0000000000000000
0,0001600260584382
625,0000000000000000
0,0001626860612305
626,0000000000000000
0,0001666760508670
627,0000000000000000
0,0001693360536592
628,0000000000000000
0,0001719960564515
629,0000000000000000
0,0001746560592437
630,0000000000000000
0,0001773160620360
631,0000000000000000
0,0001813060516724
632,0000000000000000
0,0001852960704127
633,0000000000000000
0,0001879560441012
634,0000000000000000
0,0001906160468934
635,0000000000000000
0,0001946060656337
636,0000000000000000
0,0001985960552702
637,0000000000000000
0,0002025860449066
638,0000000000000000
0,0002065760636469
639,0000000000000000
0,0002105660532834
640,0000000000000000
0,0002145560429199
641,0000000000000000
0,0002198760485044
642,0000000000000000
0,0002238660672447
643,0000000000000000
0,0002278560568811
644,0000000000000000
0,0002305160596734
645,0000000000000000
0,0002345060493099
646,0000000000000000
0,0002411560708424
647,0000000000000000
0,0002464760327712
648,0000000000000000
0,0002478060778230
649,0000000000000000
0,0002517960383557
650,0000000000000000
0,0002571160439402
651,0000000000000000
0,0002637660363689
652,0000000000000000
0,0002704160287976
653,0000000000000000
0,0002757360343821
654,0000000000000000
0,0002797260531224
655,0000000000000000
0,0002850460587069
656,0000000000000000
0,0002890360774472
657,0000000000000000
0,0002916960511357
658,0000000000000000
0,0002970160567202
659,0000000000000000
0,0003023360623047
660,0000000000000000
0,0003076560678892
661,0000000000000000
0,0003116460284218
662,0000000000000000
0,0003169660340063
663,0000000000000000
0,0003196260659024
664,0000000000000000
0,0003249460714869
665,0000000000000000
0,0003289360320196
666,0000000000000000
0,0003342560376041
667,0000000000000000
0,0003395760431886
668,0000000000000000
0,0003448960487731
669,0000000000000000
0,0003475560806692
670,0000000000000000
0,0003542060730979
671,0000000000000000
0,0003568660467863
672,0000000000000000
0,0003635160974227
673,0000000000000000
0,0003688360447995
674,0000000000000000
0,0003728260635398
675,0000000000000000
0,0003768160822801
676,0000000000000000
0,0003808061010204
677,0000000000000000
0,0003847960615531
678,0000000000000000
0,0003901160671376
679,0000000000000000
0,0003941060858779
680,0000000000000000
0,0003980960464105
681,0000000000000000
0,0004034160519950
682,0000000000000000
0,0004060760838911
683,0000000000000000
0,0004113960894756
684,0000000000000000
0,0004140560631640
685,0000000000000000
0,0004180460819043
686,0000000000000000
0,0004233660874888
687,0000000000000000
0,0004260260611773
688,0000000000000000
0,0004286860930733
689,0000000000000000
0,0004326760536060
690,0000000000000000
0,0004366660723463
691,0000000000000000
0,0004393260460347
692,0000000000000000
0,0004419860779308
693,0000000000000000
0,0004446460516192
694,0000000000000000
0,0004459760966711
695,0000000000000000
0,0004486360703595
696,0000000000000000
0,0004512960440479
697,0000000000000000
0,0004539560759440
698,0000000000000000
0,0004566160496324
699,0000000000000000
0,0004566160496324
700,0000000000000000
0,0004592760815285
701,0000000000000000
0,0004619360552169
702,0000000000000000
0,0004619360552169
703,0000000000000000
0,0004632661002688
704,0000000000000000
0,0004745960871130
705,0000000000000000
0,0004659260739572
706,0000000000000000
0,0004672560608014
707,0000000000000000
0,0004672560608014
708,0000000000000000
0,0004672560608014
709,0000000000000000
0,0004659260739572
710,0000000000000000
0,0004632661002688
711,0000000000000000
0,0004619360552169
712,0000000000000000
0,0004592760815285
713,0000000000000000
0,0004579460946843
714,0000000000000000
0,0004552860627882
715,0000000000000000
0,0004539560759440
716,0000000000000000
0,0004499660572037
717,0000000000000000
0,0004459760966711
718,0000000000000000
0,0004419860779308
719,0000000000000000
0,0004366660723463
720,0000000000000000
0,0004340060986578
721,0000000000000000
0,0004300160799176
722,0000000000000000
0,0004233660874888
723,0000000000000000
0,0004167160950601
724,0000000000000000
0,0004113960894756
725,0000000000000000
0,0004034160519950
726,0000000000000000
0,0003967660595663
727,0000000000000000
0,0003901160671376
728,0000000000000000
0,0003808061010204
729,0000000000000000
0,0003728260635398
730,0000000000000000
0,0003648460842669
731,0000000000000000
0,0003568660467863
732,0000000000000000
0,0003488860675134
733,0000000000000000
0,0003395760431886
734,0000000000000000
0,0003302660770714
735,0000000000000000
0,0003222860395908
736,0000000000000000
0,0003129760734737
737,0000000000000000
0,0003036660491489
738,0000000000000000
0,0002943560830317
739,0000000000000000
0,0002850460587069
740,0000000000000000
0,0002770660794340
741,0000000000000000
0,0002664260682650
742,0000000000000000
0,0002544560702518
743,0000000000000000
0,0002438160445308
744,0000000000000000
0,0002345060493099
745,0000000000000000
0,0002238660672447
746,0000000000000000
0,0002158860588679
747,0000000000000000
0,0002079060504911
748,0000000000000000
0,0001972660684260
749,0000000000000000
0,0001879560441012
750,0000000000000000
0,0001786460488802
751,0000000000000000
0,0001693360536592
752,0000000000000000
0,0001600260584382
753,0000000000000000
0,0001520460500615
754,0000000000000000
0,0001440660707885
755,0000000000000000
0,0001347560464637
756,0000000000000000
0,0001267760671908
757,0000000000000000
0,0001174660719698
758,0000000000000000
0,0001108160504373
759,0000000000000000
0,0001015060552163
760,0000000000000000
0,0000935260613915
761,0000000000000000
0,0000855460530147
762,0000000000000000
0,0000775660591898
763,0000000000000000
0,0000722460536053
764,0000000000000000
0,0000642660597805
765,0000000000000000
0,0000576160527999
766,0000000000000000
0,0000522960617673
767,0000000000000000
0,0000469760561828
768,0000000000000000
0,0000403260637540
769,0000000000000000
0,0000336760567734
770,0000000000000000
0,0000296860525850
771,0000000000000000
0,0000230360601563
772,0000000000000000
0,0000163860531757
773,0000000000000000
0,0000110660621431
774,0000000000000000
0,0000070760579547
775,0000000000000000
0,0000017560523702
776,0000000000000000
-0,0000022339372663
777,0000000000000000
-0,0000075539428508
778,0000000000000000
-0,0000128739484353
779,0000000000000000
-0,0000168639380718
780,0000000000000000
-0,0000195239408640
781,0000000000000000
-0,0000248439391726
782,0000000000000000
-0,0000288339433610
783,0000000000000000
-0,0000314939461532
784,0000000000000000
-0,0000341539416695
785,0000000000000000
-0,0000381439458579
786,0000000000000000
-0,0000394739399781
787,0000000000000000
-0,0000434639441664
788,0000000000000000
-0,0000447939455626
789,0000000000000000
-0,0000474539410789
790,0000000000000000
-0,0000501139438711
791,0000000000000000
-0,0000527739393874
792,0000000000000000
-0,0000541039407835
793,0000000000000000
-0,0000554339421797
794,0000000000000000
-0,0000580939449719
795,0000000000000000
-0,0000594239390921
796,0000000000000000
-0,0000620839418843
797,0000000000000000
-0,0000634139432805
798,0000000000000000
-0,0000647439446766
799,0000000000000000
-0,0000660739460727
800,0000000000000000
-0,0000674039401929
801,0000000000000000
-0,0000687339415890
802,0000000000000000
-0,0000687339415890
803,0000000000000000
-0,0000700639429851
804,0000000000000000
-0,0000713939443813
805,0000000000000000
-0,0000727239457774
806,0000000000000000
-0,0000740539398976
807,0000000000000000
-0,0000767139426898
808,0000000000000000
-0,0000780439440859
809,0000000000000000
-0,0000767139426898
810,0000000000000000
-0,0000793739454821
811,0000000000000000
-0,0000793739454821
812,0000000000000000
-0,0000793739454821
813,0000000000000000
-0,0000793739454821
814,0000000000000000
-0,0000793739454821
815,0000000000000000
-0,0000793739454821
816,0000000000000000
-0,0000807039396022
817,0000000000000000
-0,0000807039396022
818,0000000000000000
-0,0000820339409984
819,0000000000000000
-0,0000820339409984
820,0000000000000000
-0,0000807039396022
821,0000000000000000
-0,0000807039396022
822,0000000000000000
-0,0000807039396022
823,0000000000000000
-0,0000833639423945
824,0000000000000000
-0,0000846939437906
825,0000000000000000
-0,0000846939437906
826,0000000000000000
-0,0000833639423945
827,0000000000000000
-0,0000846939437906
828,0000000000000000
-0,0000846939437906
829,0000000000000000
-0,0000846939437906
830,0000000000000000
-0,0000833639423945
831,0000000000000000
-0,0000860239379108
832,0000000000000000
-0,0000846939437906
833,0000000000000000
-0,0000846939437906
834,0000000000000000
-0,0000846939437906
835,0000000000000000
-0,0000860239379108
836,0000000000000000
-0,0000860239379108
837,0000000000000000
-0,0000860239379108
838,0000000000000000
-0,0000846939437906
839,0000000000000000
-0,0000860239379108
840,0000000000000000
-0,0000860239379108
841,0000000000000000
-0,0000846939437906
842,0000000000000000
-0,0000846939437906
843,0000000000000000
-0,0000846939437906
844,0000000000000000
-0,0000846939437906
845,0000000000000000
-0,0000846939437906
846,0000000000000000
-0,0000833639423945
847,0000000000000000
-0,0000833639423945
848,0000000000000000
-0,0000807039396022
849,0000000000000000
-0,0000820339409984
850,0000000000000000
-0,0000820339409984
851,0000000000000000
-0,0000820339409984
852,0000000000000000
-0,0000820339409984
853,0000000000000000
-0,0000820339409984
854,0000000000000000
-0,0000807039396022
855,0000000000000000
-0,0000820339409984
856,0000000000000000
-0,0000833639423945
857,0000000000000000
-0,0000807039396022
858,0000000000000000
-0,0000793739454821
859,0000000000000000
-0,0000793739454821
860,0000000000000000
-0,0000780439440859
861,0000000000000000
-0,0000793739454821
862,0000000000000000
-0,0000793739454821
863,0000000000000000
-0,0000780439440859
864,0000000000000000
-0,0000780439440859
865,0000000000000000
-0,0000780439440859
866,0000000000000000
-0,0000780439440859
867,0000000000000000
-0,0000767139426898
868,0000000000000000
-0,0000767139426898
869,0000000000000000
-0,0000767139426898
870,0000000000000000
-0,0000767139426898
871,0000000000000000
-0,0000780439440859
872,0000000000000000
-0,0000767139426898
873,0000000000000000
-0,0000780439440859
874,0000000000000000
-0,0000767139426898
875,0000000000000000
-0,0000767139426898
876,0000000000000000
-0,0000780439440859
877,0000000000000000
-0,0000780439440859
878,0000000000000000
-0,0000767139426898
879,0000000000000000
-0,0000767139426898
880,0000000000000000
-0,0000767139426898
881,0000000000000000
-0,0000767139426898
882,0000000000000000
-0,0000780439440859
883,0000000000000000
-0,0000793739454821
884,0000000000000000
-0,0000780439440859
885,0000000000000000
-0,0000780439440859
886,0000000000000000
-0,0000780439440859
887,0000000000000000
-0,0000767139426898
888,0000000000000000
-0,0000767139426898
889,0000000000000000
-0,0000767139426898
890,0000000000000000
-0,0000767139426898
891,0000000000000000
-0,0000767139426898
892,0000000000000000
-0,0000753839412937
893,0000000000000000
-0,0000753839412937
894,0000000000000000
-0,0000753839412937
895,0000000000000000
-0,0000740539398976
896,0000000000000000
-0,0000740539398976
897,0000000000000000
-0,0000727239457774
898,0000000000000000
-0,0000740539398976
899,0000000000000000
-0,0000727239457774
900,0000000000000000
-0,0000727239457774
901,0000000000000000
-0,0000727239457774
902,0000000000000000
-0,0000713939443813
903,0000000000000000
-0,0000727239457774
904,0000000000000000
-0,0000727239457774
905,0000000000000000
-0,0000713939443813
906,0000000000000000
-0,0000700639429851
907,0000000000000000
-0,0000713939443813
908,0000000000000000
-0,0000700639429851
909,0000000000000000
-0,0000713939443813
910,0000000000000000
-0,0000713939443813
911,0000000000000000
-0,0000713939443813
912,0000000000000000
-0,0000713939443813
913,0000000000000000
-0,0000687339415890
914,0000000000000000
-0,0000687339415890
915,0000000000000000
-0,0000687339415890
916,0000000000000000
-0,0000687339415890
917,0000000000000000
-0,0000687339415890
918,0000000000000000
-0,0000687339415890
919,0000000000000000
-0,0000687339415890
920,0000000000000000
-0,0000674039401929
921,0000000000000000
-0,0000660739460727
922,0000000000000000
-0,0000674039401929
923,0000000000000000
-0,0000687339415890
924,0000000000000000
-0,0000687339415890
925,0000000000000000
-0,0000687339415890
926,0000000000000000
-0,0000674039401929
927,0000000000000000
-0,0000674039401929
928,0000000000000000
-0,0000674039401929
929,0000000000000000
-0,0000674039401929
930,0000000000000000
-0,0000674039401929
931,0000000000000000
-0,0000674039401929
932,0000000000000000
-0,0000674039401929
933,0000000000000000
-0,0000674039401929
934,0000000000000000
-0,0000674039401929
935,0000000000000000
-0,0000687339415890
936,0000000000000000
-0,0000700639429851
937,0000000000000000
-0,0000713939443813
938,0000000000000000
-0,0000700639429851
939,0000000000000000
-0,0000700639429851
940,0000000000000000
-0,0000700639429851
941,0000000000000000
-0,0000700639429851
942,0000000000000000
-0,0000700639429851
943,0000000000000000
-0,0000700639429851
944,0000000000000000
-0,0000700639429851
945,0000000000000000
-0,0000700639429851
946,0000000000000000
-0,0000700639429851
947,0000000000000000
-0,0000700639429851
948,0000000000000000
-0,0000674039401929
949,0000000000000000
-0,0000674039401929
950,0000000000000000
-0,0000687339415890
951,0000000000000000
-0,0000713939443813
952,0000000000000000
-0,0000700639429851
953,0000000000000000
-0,0000700639429851
954,0000000000000000
-0,0000713939443813
955,0000000000000000
-0,0000713939443813
956,0000000000000000
-0,0000727239457774
957,0000000000000000
-0,0000727239457774
958,0000000000000000
-0,0000727239457774
959,0000000000000000
-0,0000727239457774
960,0000000000000000
-0,0000740539398976
961,0000000000000000
-0,0000740539398976
962,0000000000000000
-0,0000753839412937
963,0000000000000000
-0,0000753839412937
964,0000000000000000
-0,0000753839412937
965,0000000000000000
-0,0000767139426898
966,0000000000000000
-0,0000767139426898
967,0000000000000000
-0,0000780439440859
968,0000000000000000
-0,0000793739454821
969,0000000000000000
-0,0000793739454821
970,0000000000000000
-0,0000793739454821
971,0000000000000000
-0,0000793739454821
972,0000000000000000
-0,0000793739454821
973,0000000000000000
-0,0000793739454821
974,0000000000000000
-0,0000793739454821
975,0000000000000000
-0,0000807039396022
976,0000000000000000
-0,0000793739454821
977,0000000000000000
-0,0000780439440859
978,0000000000000000
-0,0000780439440859
979,0000000000000000
-0,0000793739454821
980,0000000000000000
-0,0000780439440859
981,0000000000000000
-0,0000780439440859
982,0000000000000000
-0,0000767139426898
983,0000000000000000
-0,0000793739454821
984,0000000000000000
-0,0000793739454821
985,0000000000000000
-0,0000793739454821
986,0000000000000000
-0,0000793739454821
987,0000000000000000
-0,0000793739454821
988,0000000000000000
-0,0000793739454821
989,0000000000000000
-0,0000820339409984
990,0000000000000000
-0,0000820339409984
991,0000000000000000
-0,0000833639423945
992,0000000000000000
-0,0000820339409984
993,0000000000000000
-0,0000807039396022
994,0000000000000000
-0,0000807039396022
995,0000000000000000
-0,0000807039396022
996,0000000000000000
-0,0000820339409984
997,0000000000000000
-0,0000820339409984
998,0000000000000000
-0,0000820339409984
999,0000000000000000
-0,0000820339409984
1000,0000000000000000
-0,0000820339409984
1001,0000000000000000
-0,0000807039396022
1002,0000000000000000
-0,0000820339409984
1003,0000000000000000
-0,0000833639423945
1004,0000000000000000
-0,0000833639423945
1005,0000000000000000
-0,0000820339409984
1006,0000000000000000
-0,0000820339409984
1007,0000000000000000
-0,0000820339409984
1008,0000000000000000
-0,0000820339409984
1009,0000000000000000
-0,0000807039396022
1010,0000000000000000
-0,0000807039396022
1011,0000000000000000
-0,0000793739454821
1012,0000000000000000
-0,0000793739454821
1013,0000000000000000
-0,0000793739454821
1014,0000000000000000
-0,0000807039396022
1015,0000000000000000
-0,0000807039396022
1016,0000000000000000
-0,0000807039396022
1017,0000000000000000
-0,0000807039396022
1018,0000000000000000
-0,0000807039396022
1019,0000000000000000
-0,0000780439440859
1020,0000000000000000
-0,0000793739454821
1021,0000000000000000
-0,0000780439440859
1022,0000000000000000
-0,0000793739454821
1023,0000000000000000
-0,0000780439440859
1024,0000000000000000
-0,0000780439440859
1025,0000000000000000
-0,0000780439440859
1026,0000000000000000
-0,0000780439440859
1027,0000000000000000
-0,0000793739454821
1028,0000000000000000
-0,0000793739454821
1029,0000000000000000
-0,0000793739454821
1030,0000000000000000
-0,0000807039396022
1031,0000000000000000
-0,0000807039396022
1032,0000000000000000
-0,0000793739454821
1033,0000000000000000
-0,0000807039396022
1034,0000000000000000
-0,0000807039396022
1035,0000000000000000
-0,0000807039396022
1036,0000000000000000
-0,0000820339409984
1037,0000000000000000
-0,0000820339409984
1038,0000000000000000
-0,0000820339409984
1039,0000000000000000
-0,0000807039396022
1040,0000000000000000
-0,0000820339409984
1041,0000000000000000
-0,0000820339409984
1042,0000000000000000
-0,0000833639423945
1043,0000000000000000
-0,0000846939437906
1044,0000000000000000
-0,0000860239379108
1045,0000000000000000
-0,0000860239379108
1046,0000000000000000
-0,0000873539393069
1047,0000000000000000
-0,0000860239379108
1048,0000000000000000
-0,0000860239379108
1049,0000000000000000
-0,0000873539393069
1050,0000000000000000
-0,0000873539393069
1051,0000000000000000
-0,0000886839407030
1052,0000000000000000
-0,0000873539393069
1053,0000000000000000
-0,0000886839407030
1054,0000000000000000
-0,0000886839407030
1055,0000000000000000
-0,0000900139420992
1056,0000000000000000
-0,0000900139420992
1057,0000000000000000
-0,0000886839407030
1058,0000000000000000
-0,0000886839407030
1059,0000000000000000
-0,0000873539393069
1060,0000000000000000
-0,0000886839407030
1061,0000000000000000
-0,0000900139420992
1062,0000000000000000
-0,0000913439434953
1063,0000000000000000
-0,0000926739448914
1064,0000000000000000
-0,0000926739448914
1065,0000000000000000
-0,0000926739448914
1066,0000000000000000
-0,0000913439434953
1067,0000000000000000
-0,0000913439434953
1068,0000000000000000
-0,0000900139420992
1069,0000000000000000
-0,0000913439434953
1070,0000000000000000
-0,0000913439434953
1071,0000000000000000
-0,0000913439434953
1072,0000000000000000
-0,0000913439434953
1073,0000000000000000
-0,0000913439434953
1074,0000000000000000
-0,0000900139420992
1075,0000000000000000
-0,0000913439434953
1076,0000000000000000
-0,0000913439434953
1077,0000000000000000
-0,0000926739448914
1078,0000000000000000
-0,0000926739448914
1079,0000000000000000
-0,0000913439434953
1080,0000000000000000
-0,0000926739448914
1081,0000000000000000
-0,0000926739448914
1082,0000000000000000
-0,0000940039462876
1083,0000000000000000
-0,0000940039462876
1084,0000000000000000
-0,0000926739448914
1085,0000000000000000
-0,0000926739448914
1086,0000000000000000
-0,0000926739448914
1087,0000000000000000
-0,0000913439434953
1088,0000000000000000
-0,0000926739448914
1089,0000000000000000
-0,0000926739448914
1090,0000000000000000
-0,0000926739448914
1091,0000000000000000
-0,0000940039462876
1092,0000000000000000
-0,0000966639418039
1093,0000000000000000
-0,0000953339476837
1094,0000000000000000
-0,0000953339476837
1095,0000000000000000
-0,0000953339476837
1096,0000000000000000
-0,0000940039462876
1097,0000000000000000
-0,0000953339476837
1098,0000000000000000
-0,0000953339476837
1099,0000000000000000
-0,0000953339476837
1100,0000000000000000
-0,0000953339476837
1101,0000000000000000
-0,0000966639418039
1102,0000000000000000
-0,0000966639418039
1103,0000000000000000
-0,0000966639418039
1104,0000000000000000
-0,0000966639418039
1105,0000000000000000
-0,0000966639418039
1106,0000000000000000
-0,0000966639418039
1107,0000000000000000
-0,0000966639418039
1108,0000000000000000
-0,0000966639418039
1109,0000000000000000
-0,0000966639418039
1110,0000000000000000
-0,0000966639418039
1111,0000000000000000
-0,0000979939432000
1112,0000000000000000
-0,0000979939432000
1113,0000000000000000
-0,0000979939432000
1114,0000000000000000
-0,0000979939432000
1115,0000000000000000
-0,0000966639418039
1116,0000000000000000
-0,0000966639418039
1117,0000000000000000
-0,0000966639418039
1118,0000000000000000
-0,0000979939432000
1119,0000000000000000
-0,0000966639418039
1120,0000000000000000
-0,0000953339476837
1121,0000000000000000
-0,0000953339476837
1122,0000000000000000
-0,0000940039462876
1123,0000000000000000
-0,0000966639418039
1124,0000000000000000
-0,0000966639418039
1125,0000000000000000
-0,0000953339476837
1126,0000000000000000
-0,0000953339476837
1127,0000000000000000
-0,0000953339476837
1128,0000000000000000
-0,0000953339476837
1129,0000000000000000
-0,0000940039462876
1130,0000000000000000
-0,0000940039462876
1131,0000000000000000
-0,0000940039462876
1132,0000000000000000
-0,0000940039462876
1133,0000000000000000
-0,0000926739448914
1134,0000000000000000
-0,0000926739448914
1135,0000000000000000
-0,0000926739448914
1136,0000000000000000
-0,0000940039462876
1137,0000000000000000
-0,0000940039462876
1138,0000000000000000
-0,0000940039462876
1139,0000000000000000
-0,0000953339476837
1140,0000000000000000
-0,0000953339476837
1141,0000000000000000
-0,0000953339476837
1142,0000000000000000
-0,0000940039462876
1143,0000000000000000
-0,0000953339476837
1144,0000000000000000
-0,0000953339476837
1145,0000000000000000
-0,0000940039462876
1146,0000000000000000
-0,0000940039462876
1147,0000000000000000
-0,0000940039462876
1148,0000000000000000
-0,0000940039462876
1149,0000000000000000
-0,0000940039462876
1150,0000000000000000
-0,0000940039462876
1151,0000000000000000
-0,0000926739448914
1152,0000000000000000
-0,0000926739448914
1153,0000000000000000
-0,0000926739448914
1154,0000000000000000
-0,0000926739448914
1155,0000000000000000
-0,0000913439434953
1156
-0,000132573943119496
1157
-0,000133903944515623
1158
-0,000133903944515623
1159
-0,000133903944515623
1160
-0,000133903944515623
1161
-0,000132573943119496
1162
-0,000132573943119496
1163
-0,000132573943119496
1164
-0,000132573943119496
1165
-0,000133903944515623
1166
-0,000133903944515623
1167
-0,000132573943119496
1168
-0,000131243941723369
1169
-0,000131243941723369
1170
-0,000132573943119496
1171
-0,000132573943119496
1172
-0,000132573943119496
1173
-0,000131243941723369
1174
-0,000131243941723369
1175
-0,000132573943119496
1176
-0,000129913940327242
1177
-0,000131243941723369
1178
-0,000131243941723369
1179
-0,000131243941723369
1180
-0,000129913940327242
1181
-0,000129913940327242
1182
-0,000129913940327242
1183
-0,000129913940327242
1184
-0,000129913940327242
1185
-0,000131243941723369
1186
-0,000129913940327242
1187
-0,000129913940327242
1188
-0,000128583938931115
1189
-0,000128583938931115
1190
-0,000128583938931115
1191
-0,000128583938931115
1192
-0,000128583938931115
1193
-0,000129913940327242
1194
-0,000128583938931115
1195
-0,000128583938931115
1196
-0,000128583938931115
1197
-0,000128583938931115
1198
-0,000128583938931115
1199
-0,000128583938931115
1200
-0,000128583938931115
1201
-0,000128583938931115
1202
-0,000128583938931115
1203
-0,000128583938931115
1204
-0,000128583938931115
1205
-0,000127253937534988
1206
-0,000125923950690776
1207
-0,000125923950690776
1208
-0,000125923950690776
1209
-0,000125923950690776
1210
-0,000125923950690776
1211
-0,000125923950690776
1212
-0,000125923950690776
1213
-0,000125923950690776
1214
-0,000127253937534988
1215
-0,000127253937534988
1216
-0,000127253937534988
1217
-0,000125923950690776
1218
-0,000127253937534988
1219
-0,000127253937534988
1220
-0,000125923950690776
1221
-0,000125923950690776
1222
-0,000125923950690776
1223
-0,000125923950690776
1224
-0,000125923950690776
1225
-0,000127253937534988
1226
-0,000127253937534988
1227
-0,000127253937534988
1228
-0,000125923950690776
1229
-0,000125923950690776
1230
-0,000127253937534988
1231
-0,000127253937534988
1232
-0,000127253937534988
1233
-0,000128583938931115
1234
-0,000129913940327242
1235
-0,000129913940327242
1236
-0,000128583938931115
1237
-0,000127253937534988
1238
-0,000128583938931115
1239
-0,000127253937534988
1240
-0,000127253937534988
1241
-0,000128583938931115
1242
-0,000127253937534988
1243
-0,000127253937534988
1244
-0,000127253937534988
1245
-0,000128583938931115
1246
-0,000127253937534988
1247
-0,000127253937534988
1248
-0,000125923950690776
1249
-0,000125923950690776
1250
-0,000125923950690776
1251
-0,000124593934742734
1252
-0,000125923950690776
1253
-0,000127253937534988
1254
-0,000127253937534988
1255
-0,000128583938931115
1256
-0,000128583938931115
1257
-0,000128583938931115
1258
-0,000128583938931115
1259
-0,000128583938931115
1260
-0,000128583938931115
1261
-0,000127253937534988
1262
-0,000127253937534988
1263
-0,000128583938931115
1264
-0,000128583938931115
1265
-0,000128583938931115
1266
-0,000128583938931115
1267
-0,000129913940327242
1268
-0,000128583938931115
1269
-0,000127253937534988
1270
-0,000127253937534988
1271
-0,000128583938931115
1272
-0,000127253937534988
1273
-0,000125923950690776
1274
-0,000125923950690776
1275
-0,000124593934742734
1276
-0,000124593934742734
1277
-0,000127253937534988
1278
-0,000127253937534988
1279
-0,000128583938931115
1280
-0,000127253937534988
1281
-0,000125923950690776
1282
-0,000124593934742734
1283
-0,000124593934742734
1284
-0,000124593934742734
1285
-0,000124593934742734
1286
-0,000125923950690776
1287
-0,000125923950690776
1288
-0,000125923950690776
1289
-0,000128583938931115
1290
-0,000129913940327242
1291
-0,000129913940327242
1292
-0,000128583938931115
1293
-0,000128583938931115
1294
-0,000127253937534988
1295
-0,000127253937534988
1296
-0,000127253937534988
1297
-0,000125923950690776
1298
-0,000127253937534988
1299
-0,000125923950690776
1300
-0,000127253937534988
1301
-0,000127253937534988
1302
-0,000127253937534988
1303
-0,000125923950690776
1304
-0,000125923950690776
1305
-0,000123263947898522
1306
-0,000124593934742734
1307
-0,000124593934742734
1308
-0,000124593934742734
1309
-0,000124593934742734
1310
-0,000125923950690776
1311
-0,000125923950690776
1312
-0,000125923950690776
1313
-0,000125923950690776
1314
-0,000123263947898522
1315
-0,000124593934742734
1316
-0,000124593934742734
1317
-0,000124593934742734
1318
-0,000125923950690776
1319
-0,000124593934742734
1320
-0,000123263947898522
1321
-0,000121933946502395
1322
-0,000123263947898522
1323
-0,000121933946502395
1324
-0,000123263947898522
1325
-0,000123263947898522
1326
-0,000125923950690776
1327
-0,000124593934742734
1328
-0,000123263947898522
1329
-0,000123263947898522
1330
-0,000121933946502395
1331
-0,000121933946502395
1332
-0,000121933946502395
1333
-0,000123263947898522
1334
-0,000123263947898522
1335
-0,000123263947898522
1336
-0,000123263947898522
1337
-0,000123263947898522
1338
-0,000123263947898522
1339
-0,000123263947898522
1340
-0,000123263947898522
1341
-0,000121933946502395
1342
-0,000123263947898522
1343
-0,000123263947898522
1344
-0,000125923950690776
1345
-0,000125923950690776
1346
-0,000125923950690776
1347
-0,000124593934742734
1348
-0,000125923950690776
1349
-0,000125923950690776
1350
-0,000125923950690776
1351
-0,000125923950690776
1352
-0,000125923950690776
1353
-0,000125923950690776
1354
-0,000124593934742734
1355
-0,000125923950690776
1356
-0,000124593934742734
1357
-0,000124593934742734
1358
-0,000124593934742734
1359
-0,000124593934742734
1360
-0,000123263947898522
1361
-0,000123263947898522
1362
-0,000123263947898522
1363
-0,000124593934742734
1364
-0,000123263947898522
1365
-0,000123263947898522
1366
-0,000123263947898522
1367
-0,000121933946502395
1368
-0,000120603945106268
1369
-0,000120603945106268
1370
-0,000120603945106268
1371
-0,000119273943710141
1372
-0,000119273943710141
1373
-0,000117943942314014
1374
-0,000117943942314014
1375
-0,000116613940917887
1376
-0,00011528393952176
1377
-0,000113953938125633
1378
-0,000112623944005463
1379
-0,00010863394709304
1380
-0,00010863394709304
1381
-0,000105973944300786
1382
-0,000103313941508532
1383
-0,000100653938716277
1384
-0,000087993943199981
1385
-9,53339476836845E-05
1386
-9,53339476836845E-05
1387
-9,26739448914304E-05
1388
-9,00139420991763E-05
1389
-8,73539393069223E-05
1390
-8,33639423944987E-05
1391
-8,07039396022446E-05
1392
-7,80439440859482E-05
1393
-7,67139426898211E-05
1394
-7,67139426898211E-05
1395
-7,53839412936941E-05
1396
-7,27239457773976E-05
1397
-7,00639429851435E-05
1398
-7,00639429851435E-05
1399
-7,00639429851435E-05
1400
-6,87339415890165E-05
1401
-0,00006607394607272
1402
-0,00006607394607272
1403
-0,00006607394607272
1404
-6,47439446765929E-05
1405
-6,20839418843389E-05
1406
-6,20839418843389E-05
1407
-5,94239390920848E-05
1408
-5,54339421796612E-05
1409
-5,14439452672377E-05
1410
-4,74539410788566E-05
1411
-4,47939455625601E-05
1412
-0,000040803941374179
1413
-3,68139444617555E-05
1414
-3,41539416695014E-05
1415
-3,41539416695014E-05
1416
-3,01639447570778E-05
1417
-2,75039419648238E-05
1418
-2,61739405686967E-05
1419
-2,48439391725697E-05
1420
-2,21839436562732E-05
1421
-1,95239408640191E-05
1422
-0,000016863938071765
1423
-1,28739484352991E-05
1424
-8,88394424691796E-06
1425
-6,22394145466387E-06
1426
-6,22394145466387E-06
1427
-4,89394005853683E-06
1428
-3,56393866240978E-06
1429
-2,23393726628274E-06
1430
-2,23393726628274E-06
1431
-9,03935870155692E-07
1432
-2,23393726628274E-06
1433
-2,23393726628274E-06
1434
-2,23393726628274E-06
1435
-9,03935870155692E-07
1436
-9,03935870155692E-07
1437
4,26050974056125E-07
1438
3,08605376631022E-06
1439
1,75605237018317E-06
1440
4,26050974056125E-07
1441
4,26050974056125E-07
1442
-2,23393726628274E-06
1443
-3,56393866240978E-06
1444
-4,89394005853683E-06
1445
-6,22394145466387E-06
1446
-7,55394285079092E-06
1447
-0,000010213945643045
1448
-1,28739484352991E-05
1449
-0,000015533936675638
1450
-1,95239408640191E-05
1451
-2,35139450524002E-05
1452
-2,75039419648238E-05
1453
-3,28239402733743E-05
1454
-3,81439458578825E-05
1455
-4,34639441664331E-05
1456
-4,74539410788566E-05
1457
-5,14439452672377E-05
1458
-5,41039407835342E-05
1459
-5,94239390920848E-05
1460
-6,47439446765929E-05
1461
-6,87339415890165E-05
1462
-7,27239457773976E-05
1463
-7,67139426898211E-05
1464
-8,20339409983717E-05
1465
-8,86839407030493E-05
1466
-9,40039462875575E-05
1467
-9,93239373201504E-05
1468
-0,000101983940112405
1469
-0,000104643942904659
1470
-0,000117303945696913
1471
-0,000109963941213209
1472
-0,000112623944005463
1473
-0,00011528393952176
1474
-0,000116613940917887
1475
-0,000117943942314014
1476
-0,000120603945106268
1477
-0,000120603945106268
1478
-0,000121933946502395
1479
-0,000123263947898522
1480
-0,000125923950690776
1481
-0,000125923950690776
1482
-0,000124593934742734
1483
-0,000125923950690776
1484
-0,000128583938931115
1485
-0,000129913940327242
1486
-0,000129913940327242
1487
-0,000128583938931115
1488
-0,000129913940327242
1489
-0,000131243941723369
1490
-0,000129913940327242
1491
-0,000129913940327242
1492
-0,000131243941723369
1493
-0,000131243941723369
1494
-0,000131243941723369
1495
-0,000131243941723369
1496
-0,000132573943119496
1497
-0,000133903944515623
1498
-0,00013523394591175
1499
-0,000133903944515623
1500
-0,000133903944515623
1501
-0,00013523394591175
1502
-0,00013523394591175
1503
-0,00013523394591175
1504
-0,000136563947307877
1505
-0,000136563947307877
1506
-0,000137893948704004
1507
-0,000137893948704004
1508
-0,000139223935548216
1509
-0,000137893948704004
1510
-0,000137893948704004
1511
-0,000137893948704004
1512
-0,000136563947307877
1513
-0,000136563947307877
1514
-0,000137893948704004
1515
-0,000137893948704004
1516
-0,000136563947307877
1517
-0,000137893948704004
1518
-0,000139223935548216
1519
-0,000137893948704004
1520
-0,000139223935548216
1521
-0,000129893948704004
1522
-0,000139223935548216
1523
-0,000140553936944343
1524
-0,00014188393834047
1525
-0,000143213939736597
1526
-0,000145873942528851
1527
-0,000149863946717232
1528
-0,000155183937749825
1529
-0,000161833944730461
1530
-0,000168483937159181
1531
-0,000175133944139816
1532
-0,000183113937964663
1533
-0,000189763944945298
1534
-0,000191093946341425
1535
-0,000193753949133679
1536
-0,000195083935977891
1537
-0,000199073940166272
1538
-0,000200403941562399
1539
-0,00020439394575078
1540
-0,000205723947146907
1541
-0,000207053933991119
1542
-0,000205723947146907
1543
-0,000200403941562399
1544
-0,000192423947737552
1545
-0,00017779394693207
1546
-0,000160503943334334
1547
-0,000139223935548216
1548
-0,000113953938125633
1549
-7,93739454820752E-05
1550
-3,54839430656284E-05
1551
1,10660621430725E-05
1552
6,29360583843663E-05
1553
0,000120126045658253
1554
0,00018396605446469
1555
0,000255786057095975
1556
0,000334256037604064
1557
0,00041671609506011
1558
0,000500506081152707
1559
0,000589616072829813
1560
0,00068005605135113
1561
0,000769166043028235
1562
0,000858276092913002
1563
0,000942066020797938
1564
0,00102319603320211
1565
0,0011016660137102
1566
0,00117880606558174
1567
0,00124264601618052
1568
0,00128919596318156
1569
0,00131579604931176
1570
0,0013251060154289
1571
0,00132776598911732
1572
0,00131845602300018
1573
0,00129584595561028
1574
0,00125594600103796
1575
0,00120806600898504
1576
0,00115353602450341
1577
0,00109634606633335
1578
0,00103516597300768
1579
0,000966006016824394
1580
0,000886206107679754
1581
0,000797096057794988
1582
0,000696016068104655
1583
0,000592276046518236
1584
0,000484546064399183
1585
0,000383466074708849
1586
0,000293026037979871
1587
0,000214556042919867
1588
0,000146726044476964
1589
8,68760544108227E-05
1590
3,76660609617829E-05
1591
-6,22394145466387E-06
1592
-4,34639441664331E-05
1593
-7,27239457773976E-05
1594
-0,000096663941803854
1595
-0,00011528393952176
1596
-0,000138583938931115
1597
-0,000139223935548216
1598
-0,00014188393834047
1599
-0,000143213939736597
1600
-0,000137893948704004
1601
-0,000129913940327242
1602
-0,000119273943710141
1603
-0,000105973944300786
1604
-9,00139420991763E-05
1605
-7,53839412936941E-05
1606
-6,07539404882118E-05
1607
-4,74539410788566E-05
1608
-3,41539416695014E-05
1609
-2,48439391725697E-05
1610
-1,95239408640191E-05
1611
-1,42039352795109E-05
1612
-1,28739484352991E-05
1613
-0,35439470391721E-05
1614
-1,28739484352991E-05
1615
-1,42039352795109E-05
1616
-0,000016863938071765
1617
-1,95239408640191E-05
1618
-2,48439391725697E-05
1619
-2,88339433609508E-05
1620
-3,28239402733743E-05
1621
-3,54839430656284E-05
1622
-3,94739399780519E-05
1623
-0,000042133942770306
1624
-4,47939455625601E-05
1625
-4,74539410788566E-05
1626
-4,87839424749836E-05
1627
-5,01139438711107E-05
1628
-5,14439452672377E-05
1629
-5,14439452672377E-05
1630
-5,14439452672377E-05
1631
-5,14439452672377E-05
1632
-5,14439452672377E-05
1633
-5,01139438711107E-05
1634
-4,74539410788566E-05
1635
-5,01139438711107E-05
1636
-4,87839424749836E-05
1637
-5,01139438711107E-05
1638
-5,01139438711107E-05
1639
-4,87839424749836E-05
1640
-4,87839424749836E-05
1641
-4,74539410788566E-05
1642
-4,74539410788566E-05
1643
-4,74539410788566E-05
1644
-4,61239396827295E-05
1645
-4,74539410788566E-05
1646
-4,74539410788566E-05
1647
-4,61239396827295E-05
1648
-4,61239396827295E-05
1649
-4,47939455625601E-05
1650
-4,47939455625601E-05
1651
-4,47939455625601E-05
1652
-4,47939455625601E-05
1653
-4,47939455625601E-05
1654
-4,47939455625601E-05
1655
-4,34639441664331E-05
1656
-4,34639441664331E-05
1657
-4,47939455625601E-05
1658
-4,47939455625601E-05
1659
-4,34639441664331E-05
1660
-0,000042133942770306
1661
-0,000040803941374179
1662
-0,000040803941374179
1663
-3,94739399780519E-05
1664
-3,94739399780519E-05
1665
-3,94739399780519E-05
1666
-3,81439458578825E-05
1667
-3,68139444617555E-05
1668
-3,54839430656284E-05
1669
-3,41539416695014E-05
1670
-3,41539416695014E-05
1671
-3,41539416695014E-05
1672
-3,14939461532049E-05
1673
-3,14939461532049E-05
1674
-3,14939461532049E-05
1675
-3,01639447570778E-05
1676
-3,01639447570778E-05
1677
-2,88339433609508E-05
1678
-2,75039419648238E-05
1679
-2,35139450524002E-05
1680
-2,08539422601461E-05
1681
-2,21839436562732E-05
1682
-2,21839436562732E-05
1683
-2,21839436562732E-05
1684
-2,21839436562732E-05
1685
-2,08539422601461E-05
1686
-1,81939394678921E-05
1687
-1,81939394678921E-05
1688
-0,000016863938071765
1689
-0,000016863938071765
1690
-0,000015533936675638
1691
-0,000015533936675638
1692
-1,28739484352991E-05
1693
-1,28739484352991E-05
1694
-1,15439470391721E-05
1695
-8,88394424691796E-06
1696
-8,88394424691796E-06
1697
-8,88394424691796E-06
1698
-7,55394285079092E-06
1699
-6,22394145466387E-06
1700
-4,89394005853683E-06
1701
-3,56393866240978E-06
1702
-3,56393866240978E-06
1703
-9,03935870155692E-07
1704
-9,03935870155692E-07
1705
4,26050974056125E-07
1706
1,75605237018317E-06
1707
3,08605376631022E-06
1708
3,08605376631022E-06
1709
4,41605516243726E-06
1710
5,74605655856431E-06
1711
7,07605795469135E-06
1712
7,07605795469135E-06
1713
9,73606074694544E-06
1714
1,10660621430725E-05
1715
1,10660621430725E-05
1716
1,37260503834113E-05
1717
1,37260503834113E-05
1718
1,63860531756654E-05
1719
1,63860531756654E-05
1720
1,77160545717925E-05
1721
2,03760573640466E-05
1722
2,03760573640466E-05
1723
2,30360601563007E-05
1724
2,43660615524277E-05
1725
2,56960629485548E-05
1726
2,83560511888936E-05
1727
3,10160539811477E-05
1728
3,36760567734018E-05
1729
3,63360595656559E-05
1730
3,76660609617829E-05
1731
0,00003899606235791
1732
0,000040326063754037
1733
4,43160533905029E-05
1734
4,43160533905029E-05
1735
4,83060575788841E-05
1736
5,22960617672652E-05
1737
5,36260631633922E-05
1738
5,36260631633922E-05
1739
5,62860514037311E-05
1740
5,89460541959852E-05
1741
6,16060569882393E-05
1742
6,29360583843663E-05
1743
6,55960611766204E-05
1744
6,82560639688745E-05
1745
6,95860508130863E-05
1746
7,35760550014675E-05
1747
7,49060563975945E-05
1748
7,75660591898486E-05
1749
8,02260619821027E-05
1750
8,15560633782297E-05
1751
8,28860502224416E-05
1752
8,42160516185686E-05
1753
8,68760544108227E-05
1754
8,95360572030768E-05
1755
9,21960599953309E-05
1756
0,000094856062787585
1757
0,000096186064183712
1758
0,000100176068372093
1759
0,000102836071164347
1760
0,000104166058008559
1761
0,000106826060800813
1762
0,000109486063593067
1763
0,000112146066385321
1764
0,000114806069177575
1765
0,000118796058814041
1766
0,000121456061606295
1767
0,000124116064398549
1768
0,000126776067190804
1769
0,000128106054035015
1770
0,000132096043671481
1771
0,000134756046463735
1772
0,000136086062411778
1773
0,000141406067996286
1774
0,00014406607078854
1775
0,000148056060425006
1776
0,00015071606321726
1777
0,000153376066009514
1778
0,00015736605564598
1779
0,000160026058438234
1780
0,000162686061230488
1781
0,000166676050866954
1782
0,000169336053659208
1783
0,000171996056451462
1784
0,000174656059243716
1785
0,00017731606203597
1786
0,000181306051672436
1787
0,000185296070412733
1788
0,000187956044101156
1789
0,00019061604689341
1790
0,000194606065633707
1791
0,000198596055270173
1792
0,000202586044906639
1793
0,000206576063646935
1794
0,000210566053283401
1795
0,000214556042919867
1796
0,000219876048504375
1797
0,000223866067244671
1798
0,000227856056881137
1799
0,000230516059673391
1800
0,000234506049309857
1801
0,000241156070842408
1802
0,00024647603277117
1803
0,000247806077823043
1804
0,000251796038355678
1805
0,000257116043940187
1806
0,000263766036368906
1807
0,000270416028797626
1808
0,000275736034382135
1809
0,000279726053122431
1810
0,000285046058706939
1811
0,000289036077447236
1812
0,000291696051135659
1813
0,000297016056720167
1814
0,000302336062304676
1815
0,000307656067889184
1816
0,000311646028421819
1817
0,000316966034006327
1818
0,000319626065902412
1819
0,00032494607148692
1820
0,000328936032019556
1821
0,000334256037604064
1822
0,000339576043188572
1823
0,00034489604877308
1824
0,000347556080669165
1825
0,000354206073097885
1826
0,000356866046786308
1827
0,000363516097422689
1828
0,000368836044799536
1829
0,000372826063539833
1830
0,000376816082280129
1831
0,000380806101020426
1832
0,000384796061553061
1833
0,000390116067137569
1834
0,000394106085877866
1835
0,000398096046410501
1836
0,000403416051995009
1837
0,000406076083891094
1838
0,000411396089475602
1839
0,000414056063164026
1840
0,000418046081904322
1841
0,00042336608748883
1842
0,000426026061177254
1843
0,000428686093073338
1844
0,000432676053605974
1845
0,00043666607234627
1846
0,000439326046034694
1847
0,000441986077930778
1848
0,000444646051619202
1849
0,000445976096671075
1850
0,000448636070359498
1851
0,000451296044047922
1852
0,000453956075944006
1853
0,00045661604963243
1854
0,00045661604963243
1855
0,000459276081528515
1856
0,000461936055216938
1857
0,000461936055216938
1858
0,000463266100268811
1859
0,000474596087113023
1860
0,000465926073957235
1861
0,000467256060801446
1862
0,000467256060801446
1863
0,000467256060801446
1864
0,000465926073957235
1865
0,000463266100268811
1866
0,000461936055216938
1867
0,000459276081528515
1868
0,000457946094684303
1869
0,000455286062788218
1870
0,000453956075944006
1871
0,00044996605720371
1872
0,000445976096671075
1873
0,000441986077930778
1874
0,00043666607234627
1875
0,000434006098657846
1876
0,00043001607991755
1877
0,00042336608748883
1878
0,00041671609506011
1879
0,000411396089475602
1880
0,000403416051995009
1881
0,000396766059566289
1882
0,000390116067137569
1883
0,000380806101020426
1884
0,000372826063539833
1885
0,000364846084266901
1886
0,000356866046786308
1887
0,000348886067513376
1888
0,000339576043188572
1889
0,000330266077071428
1890
0,000322286039590836
1891
0,000312976073473692
1892
0,000303666049148887
1893
0,000294356083031744
1894
0,000285046058706939
1895
0,000277066079434007
1896
0,000266426068264991
1897
0,000254456070251763
1898
0,000243816044530831
1899
0,000234506049309857
1900
0,000223866067244671
1901
0,000215886058867909
1902
0,000207906050491147
1903
0,000197266068425961
1904
0,000187956044101156
1905
0,000178646048880182
1906
0,000169336053659208
1907
0,000160026058438234
1908
0,000152046050061472
1909
0,00014406607078854
1910
0,000134756046463735
1911
0,000126776067190804
1912
0,00011746607196983
1913
0,000110816050437279
1914
0,000101506055216305
1915
9,35260613914579E-05
1916
8,55460530146956E-05
1917
7,75660591898486E-05
1918
7,22460536053404E-05
1919
6,42660597804934E-05
1920
5,76160527998582E-05
1921
5,22960617672652E-05
1922
0,000046976056182757
1923
0,000040326063754037
1924
3,36760567734018E-05
1925
2,96860525850207E-05
1926
2,30360601563007E-05
1927
1,63860531756654E-05
1928
1,10660621430725E-05
1929
7,07605795469135E-06
1930
1,75605237018317E-06
1931
-2,23393726628274E-06
1932
-7,55394285079092E-06
1933
-1,28739484352991E-05
1934
-0,000016863938071765
1935
-1,95239408640191E-05
1936
-2,48439391725697E-05
1937
-2,88339433609508E-05
1938
-3,14939461532049E-05
1939
-3,41539416695014E-05
1940
-3,81439458578825E-05
1941
-3,94739399780519E-05
1942
-4,34639441664331E-05
1943
-4,47939455625601E-05
1944
-4,74539410788566E-05
1945
-5,01139438711107E-05
1946
-5,27739393874072E-05
1947
-5,41039407835342E-05
1948
-5,54339421796612E-05
1949
-5,80939449719153E-05
1950
-5,94239390920848E-05
1951
-6,20839418843389E-05
1952
-6,34139432804659E-05
1953
-6,47439446765929E-05
1954
-0,00006607394607272
1955
-6,74039401928894E-05
1956
-6,87339415890165E-05
1957
-6,87339415890165E-05
1958
-7,00639429851435E-05
1959
-7,13939443812706E-05
1960
-7,27239457773976E-05
1961
-0,000074053939897567
1962
-7,67139426898211E-05
1963
-7,80439440859482E-05
1964
-7,67139426898211E-05
1965
-7,93739454820752E-05
1966
-7,93739454820752E-05
1967
-7,93739454820752E-05
1968
-7,93739454820752E-05
1969
-7,93739454820752E-05
1970
-7,93739454820752E-05
1971
-8,07039396022446E-05
1972
-8,07039396022446E-05
1973
-8,20339409983717E-05
1974
-8,20339409983717E-05
1975
-8,07039396022446E-05
1976
-8,07039396022446E-05
1977
-8,07039396022446E-05
1978
-8,33639423944987E-05
1979
-8,46939437906258E-05
1980
-8,46939437906258E-05
1981
-8,33639423944987E-05
1982
-8,46939437906258E-05
1983
-8,46939437906258E-05
1984
-8,46939437906258E-05
1985
-8,33639423944987E-05
1986
-8,60239379107952E-05
1987
-8,46939437906258E-05
1988
-8,46939437906258E-05
1989
-8,46939437906258E-05
1990
-8,60239379107952E-05
1991
-8,60239379107952E-05
1992
-8,60239379107952E-05
1993
-8,46939437906258E-05
1994
-8,60239379107952E-05
1995
-8,60239379107952E-05
1996
-8,46939437906258E-05
1997
-8,46939437906258E-05
1998
-8,46939437906258E-05
1999
-8,46939437906258E-05
2000
-8,46939437906258E-05
2001
-8,33639423944987E-05
2002
-8,33639423944987E-05
2003
-8,07039396022446E-05
2004
-8,20339409983717E-05
2005
-8,20339409983717E-05
2006
-8,20339409983717E-05
2007
-8,20339409983717E-05
2008
-8,20339409983717E-05
2009
-8,07039396022446E-05
2010
-8,20339409983717E-05
2011
-8,33639423944987E-05
2012
-8,07039396022446E-05
2013
-7,93739454820752E-05
2014
-7,93739454820752E-05
2015
-7,80439440859482E-05
2016
-7,93739454820752E-05
2017
-7,93739454820752E-05
2018
-7,80439440859482E-05
2019
-7,80439440859482E-05
2020
-7,80439440859482E-05
2021
-7,80439440859482E-05
2022
-7,67139426898211E-05
2023
-7,67139426898211E-05
2024
-7,67139426898211E-05
2025
-7,67139426898211E-05
2026
-7,80439440859482E-05
2027
-7,67139426898211E-05
2028
-7,80439440859482E-05
2029
-7,67139426898211E-05
2030
-7,67139426898211E-05
2031
-7,80439440859482E-05
2032
-7,80439440859482E-05
2033
-7,67139426898211E-05
2034
-7,67139426898211E-05
2035
-7,67139426898211E-05
2036
-7,67139426898211E-05
2037
-7,80439440859482E-05
2038
-7,93739454820752E-05
2039
-7,80439440859482E-05
2040
-7,80439440859482E-05
2041
-7,80439440859482E-05
2042
-7,67139426898211E-05
2043
-7,67139426898211E-05
2044
-7,67139426898211E-05
2045
-7,67139426898211E-05
2046
-7,67139426898211E-05
2047
-7,53839412936941E-05
2048
-7,53839412936941E-05
2049
-7,53839412936941E-05
2050
-0,000074053939897567
2051
-0,000074053939897567
2052
-7,27239457773976E-05
2053
-0,000074053939897567
2054
-7,27239457773976E-05
2055
-7,27239457773976E-05
2056
-7,27239457773976E-05
2057
-7,13939443812706E-05
2058
-7,27239457773976E-05
2059
-7,27239457773976E-05
2060
-7,13939443812706E-05
2061
-7,00639429851435E-05
2062
-7,13939443812706E-05
2063
-7,00639429851435E-05
2064
-7,13939443812706E-05
2065
-7,13939443812706E-05
2066
-7,13939443812706E-05
2067
-7,13939443812706E-05
2068
-6,87339415890165E-05
2069
-6,87339415890165E-05
2070
-6,87339415890165E-05
2071
-6,87339415890165E-05
2072
-6,87339415890165E-05
2073
-6,87339415890165E-05
2074
-6,87339415890165E-05
2075
-6,74039401928894E-05
2076
-0,00006607394607272
2077
-6,74039401928894E-05
2078
-6,87339415890165E-05
2079
-6,87339415890165E-05
2080
-6,87339415890165E-05
2081
-6,74039401928894E-05
2082
-6,74039401928894E-05
2083
-6,74039401928894E-05
2084
-6,74039401928894E-05
2085
-6,74039401928894E-05
2086
-6,74039401928894E-05
2087
-6,74039401928894E-05
2088
-6,74039401928894E-05
2089
-6,74039401928894E-05
2090
-6,87339415890165E-05
2091
-7,00639429851435E-05
2092
-7,13939443812706E-05
2093
-7,00639429851435E-05
2094
-7,00639429851435E-05
2095
-7,00639429851435E-05
2096
-7,00639429851435E-05
2097
-7,00639429851435E-05
2098
-7,00639429851435E-05
2099
-7,00639429851435E-05
2100
-7,00639429851435E-05
2101
-7,00639429851435E-05
2102
-7,00639429851435E-05
2103
-6,74039401928894E-05
2104
-6,74039401928894E-05
2105
-6,87339415890165E-05
2106
-7,13939443812706E-05
2107
-7,00639429851435E-05
2108
-7,00639429851435E-05
2109
-7,13939443812706E-05
2110
-7,13939443812706E-05
2111
-7,27239457773976E-05
2112
-7,27239457773976E-05
2113
-7,27239457773976E-05
2114
-7,27239457773976E-05
2115
-0,000074053939897567
2116
-0,000074053939897567
2117
-7,53839412936941E-05
2118
-7,53839412936941E-05
2119
-7,53839412936941E-05
2120
-7,67139426898211E-05
2121
-7,67139426898211E-05
2122
-7,80439440859482E-05
2123
-7,93739454820752E-05
2124
-7,93739454820752E-05
2125
-7,93739454820752E-05
2126
-7,93739454820752E-05
2127
-7,93739454820752E-05
2128
-7,93739454820752E-05
2129
-7,93739454820752E-05
2130
-8,07039396022446E-05
2131
-7,93739454820752E-05
2132
-7,80439440859482E-05
2133
-7,80439440859482E-05
2134
-7,93739454820752E-05
2135
-7,80439440859482E-05
2136
-7,80439440859482E-05
2137
-7,67139426898211E-05
2138
-7,93739454820752E-05
2139
-7,93739454820752E-05
2140
-7,93739454820752E-05
2141
-7,93739454820752E-05
2142
-7,93739454820752E-05
2143
-7,93739454820752E-05
2144
-8,20339409983717E-05
2145
-8,20339409983717E-05
2146
-8,33639423944987E-05
2147
-8,20339409983717E-05
2148
-8,07039396022446E-05
2149
-8,07039396022446E-05
2150
-8,07039396022446E-05
2151
-8,20339409983717E-05
2152
-8,20339409983717E-05
2153
-8,20339409983717E-05
2154
-8,20339409983717E-05
2155
-8,20339409983717E-05
2156
-8,07039396022446E-05
2157
-8,20339409983717E-05
2158
-8,33639423944987E-05
2159
-8,33639423944987E-05
2160
-8,20339409983717E-05
2161
-8,20339409983717E-05
2162
-8,20339409983717E-05
2163
-8,20339409983717E-05
2164
-8,07039396022446E-05
2165
-8,07039396022446E-05
2166
-7,93739454820752E-05
2167
-7,93739454820752E-05
2168
-7,93739454820752E-05
2169
-8,07039396022446E-05
2170
-8,07039396022446E-05
2171
-8,07039396022446E-05
2172
-8,07039396022446E-05
2173
-8,07039396022446E-05
2174
-7,80439440859482E-05
2175
-7,93739454820752E-05
2176
-7,80439440859482E-05
2177
-7,93739454820752E-05
2178
-7,80439440859482E-05
2179
-7,80439440859482E-05
2180
-7,80439440859482E-05
2181
-7,80439440859482E-05
2182
-7,93739454820752E-05
2183
-7,93739454820752E-05
2184
-7,93739454820752E-05
2185
-8,07039396022446E-05
2186
-8,07039396022446E-05
2187
-7,93739454820752E-05
2188
-8,07039396022446E-05
2189
-8,07039396022446E-05
2190
-8,07039396022446E-05
2191
-8,20339409983717E-05
2192
-8,20339409983717E-05
2193
-8,20339409983717E-05
2194
-8,07039396022446E-05
2195
-8,20339409983717E-05
2196
-8,20339409983717E-05
2197
-8,33639423944987E-05
2198
-8,46939437906258E-05
2199
-8,60239379107952E-05
2200
-8,60239379107952E-05
2201
-8,73539393069223E-05
2202
-8,60239379107952E-05
2203
-8,60239379107952E-05
2204
-8,73539393069223E-05
2205
-8,73539393069223E-05
2206
-8,86839407030493E-05
2207
-8,73539393069223E-05
2208
-8,86839407030493E-05
2209
-8,86839407030493E-05
2210
-9,00139420991763E-05
2211
-9,00139420991763E-05
2212
-8,86839407030493E-05
2213
-8,86839407030493E-05
2214
-8,73539393069223E-05
2215
-8,86839407030493E-05
2216
-9,00139420991763E-05
2217
-9,13439434953034E-05
2218
-9,26739448914304E-05
2219
-9,26739448914304E-05
2220
-9,26739448914304E-05
2221
-9,13439434953034E-05
2222
-9,13439434953034E-05
2223
-9,00139420991763E-05
2224
-9,13439434953034E-05
2225
-9,13439434953034E-05
2226
-9,13439434953034E-05
2227
-9,13439434953034E-05
2228
-9,13439434953034E-05
2229
-9,00139420991763E-05
2230
-9,13439434953034E-05
2231
-9,13439434953034E-05
2232
-9,26739448914304E-05
2233
-9,26739448914304E-05
2234
-9,13439434953034E-05
2235
-9,26739448914304E-05
2236
-9,26739448914304E-05
2237
-9,40039462875575E-05
2238
-9,40039462875575E-05
2239
-9,26739448914304E-05
2240
-9,26739448914304E-05
2241
-9,26739448914304E-05
2242
-9,13439434953034E-05
2243
-9,26739448914304E-05
2244
-9,26739448914304E-05
2245
-9,26739448914304E-05
2246
-9,40039462875575E-05
2247
-0,000096663941803854
2248
-9,53339476836845E-05
2249
-9,53339476836845E-05
2250
-9,53339476836845E-05
2251
-9,40039462875575E-05
2252
-9,53339476836845E-05
2253
-9,53339476836845E-05
2254
-9,53339476836845E-05
2255
-9,53339476836845E-05
2256
-0,000096663941803854
2257
-0,000096663941803854
2258
-0,000096663941803854
2259
-0,000096663941803854
2260
-0,000096663941803854
2261
-0,000096663941803854
2262
-0,000096663941803854
2263
-0,000096663941803854
2264
-0,000096663941803854
2265
-0,000096663941803854
2266
-0,000097993943199981
2267
-0,000097993943199981
2268
-0,000097993943199981
2269
-0,000097993943199981
2270
-0,000096663941803854
2271
-0,000096663941803854
2272
-0,000096663941803854
2273
-0,000097993943199981
2274
-0,000096663941803854
2275
-9,53339476836845E-05
2276
-9,53339476836845E-05
2277
-9,40039462875575E-05
2278
-0,000096663941803854
2279
-0,000096663941803854
2280
-9,53339476836845E-05
2281
-9,53339476836845E-05
2282
-9,53339476836845E-05
2283
-9,53339476836845E-05
2284
-9,40039462875575E-05
2285
-9,40039462875575E-05
2286
-9,40039462875575E-05
2287
-9,40039462875575E-05
2288
-9,26739448914304E-05
2289
-9,26739448914304E-05
2290
-9,26739448914304E-05
2291
-9,40039462875575E-05
2292
-9,40039462875575E-05
2293
-9,40039462875575E-05
2294
-9,53339476836845E-05
2295
-9,53339476836845E-05
2296
-9,53339476836845E-05
2297
-9,40039462875575E-05
2298
-9,53339476836845E-05
2299
-9,53339476836845E-05
2300
-9,40039462875575E-05
2301
-9,40039462875575E-05
2302
-9,40039462875575E-05
2303
-9,40039462875575E-05
2304
-9,40039462875575E-05
2305
-9,40039462875575E-05
2306
-9,26739448914304E-05
2307
-9,26739448914304E-05
2308
-9,26739448914304E-05
2309
-9,26739448914304E-05
2310
-9,13439434953034E-05