1,0000000000000000000
-0,0000942998813115992
2,0000000000000000000
-0,0000916398785193451
3,0000000000000000000
-0,0000916398785193451
4,0000000000000000000
-0,0000916398785193451
5,0000000000000000000
-0,0000929698799154721
6,0000000000000000000
-0,0000942998813115992
7,0000000000000000000
-0,0000942998813115992
8,0000000000000000000
-0,0000942998813115992
9,0000000000000000000
-0,0000929698799154721
10,0000000000000000000
-0,0000929698799154721
11,0000000000000000000
-0,0000916398785193451
12,0000000000000000000
-0,0000929698799154721
13,0000000000000000000
-0,0000929698799154721
14,0000000000000000000
-0,0000942998813115992
15,0000000000000000000
-0,0000942998813115992
16,0000000000000000000
-0,0000916398785193451
17,0000000000000000000
-0,0000916398785193451
18,0000000000000000000
-0,0000903098843991756
19,0000000000000000000
-0,0000903098843991756
20,0000000000000000000
-0,0000916398785193451
21,0000000000000000000
-0,0000929698799154721
22,0000000000000000000
-0,0000903098843991756
23,0000000000000000000
-0,0000916398785193451
24,0000000000000000000
-0,0000916398785193451
25,0000000000000000000
-0,0000903098843991756
26,0000000000000000000
-0,0000903098843991756
27,0000000000000000000
-0,0000903098843991756
28,0000000000000000000
-0,0000916398785193451
29,0000000000000000000
-0,0000916398785193451
30,0000000000000000000
-0,0000903098843991756
31,0000000000000000000
-0,0000903098843991756
32,0000000000000000000
-0,0000916398785193451
33,0000000000000000000
-0,0000929698799154721
34,0000000000000000000
-0,0000929698799154721
35,0000000000000000000
-0,0000916398785193451
36,0000000000000000000
-0,0000903098843991756
37,0000000000000000000
-0,0000903098843991756
38,0000000000000000000
-0,0000916398785193451
39,0000000000000000000
-0,0000916398785193451
40,0000000000000000000
-0,0000916398785193451
41,0000000000000000000
-0,0000942998813115992
42,0000000000000000000
-0,0000916398785193451
43,0000000000000000000
-0,0000916398785193451
44,0000000000000000000
-0,0000916398785193451
45,0000000000000000000
-0,0000916398785193451
46,0000000000000000000
-0,0000916398785193451
47,0000000000000000000
-0,0000903098843991756
48,0000000000000000000
-0,0000916398785193451
49,0000000000000000000
-0,0000903098843991756
50,0000000000000000000
-0,0000916398785193451
51,0000000000000000000
-0,0000903098843991756
52,0000000000000000000
-0,0000903098843991756
53,0000000000000000000
-0,0000916398785193451
54,0000000000000000000
-0,0000903098843991756
55,0000000000000000000
-0,0000903098843991756
56,0000000000000000000
-0,0000889798830030486
57,0000000000000000000
-0,0000889798830030486
58,0000000000000000000
-0,0000876498816069216
59,0000000000000000000
-0,0000889798830030486
60,0000000000000000000
-0,0000916398785193451
61,0000000000000000000
-0,0000916398785193451
62,0000000000000000000
-0,0000889798830030486
63,0000000000000000000
-0,0000889798830030486
64,0000000000000000000
-0,0000889798830030486
65,0000000000000000000
-0,0000889798830030486
66,0000000000000000000
-0,0000903098843991756
67,0000000000000000000
-0,0000889798830030486
68,0000000000000000000
-0,0000903098843991756
69,0000000000000000000
-0,0000889798830030486
70,0000000000000000000
-0,0000876498816069216
71,0000000000000000000
-0,0000876498816069216
72,0000000000000000000
-0,0000903098843991756
73,0000000000000000000
-0,0000916398785193451
74,0000000000000000000
-0,0000929698799154721
75,0000000000000000000
-0,0000916398785193451
76,0000000000000000000
-0,0000903098843991756
77,0000000000000000000
-0,0000916398785193451
78,0000000000000000000
-0,0000916398785193451
79,0000000000000000000
-0,0000916398785193451
80,0000000000000000000
-0,0000916398785193451
81,0000000000000000000
-0,0000916398785193451
82,0000000000000000000
-0,0000903098843991756
83,0000000000000000000
-0,0000889798830030486
84,0000000000000000000
-0,0000863198802107945
85,0000000000000000000
-0,0000889798830030486
86,0000000000000000000
-0,0000903098843991756
87,0000000000000000000
-0,0000903098843991756
88,0000000000000000000
-0,0000929698799154721
89,0000000000000000000
-0,0000903098843991756
90,0000000000000000000
-0,0000903098843991756
91,0000000000000000000
-0,0000876498816069216
92,0000000000000000000
-0,0000876498816069216
93,0000000000000000000
-0,0000889798830030486
94,0000000000000000000
-0,0000889798830030486
95,0000000000000000000
-0,0000903098843991756
96,0000000000000000000
-0,0000889798830030486
97,0000000000000000000
-0,0000876498816069216
98,0000000000000000000
-0,0000863198802107945
99,0000000000000000000
-0,0000889798830030486
100,0000000000000000000
-0,0000889798830030486
101,0000000000000000000
-0,0000903098843991756
102,0000000000000000000
-0,0000889798830030486
103,0000000000000000000
-0,0000889798830030486
104,0000000000000000000
-0,0000889798830030486
105,0000000000000000000
-0,0000889798830030486
106,0000000000000000000
-0,0000903098843991756
107,0000000000000000000
-0,0000916398785193451
108,0000000000000000000
-0,0000916398785193451
109,0000000000000000000
-0,0000903098843991756
110,0000000000000000000
-0,0000903098843991756
111,0000000000000000000
-0,0000889798830030486
112,0000000000000000000
-0,0000929698799154721
113,0000000000000000000
-0,0000929698799154721
114,0000000000000000000
-0,0000929698799154721
115,0000000000000000000
-0,0000916398785193451
116,0000000000000000000
-0,0000903098843991756
117,0000000000000000000
-0,0000903098843991756
118,0000000000000000000
-0,0000889798830030486
119,0000000000000000000
-0,0000916398785193451
120,0000000000000000000
-0,0000903098843991756
121,0000000000000000000
-0,0000929698799154721
122,0000000000000000000
-0,0000916398785193451
123,0000000000000000000
-0,0000929698799154721
124,0000000000000000000
-0,0000916398785193451
125,0000000000000000000
-0,0000916398785193451
126,0000000000000000000
-0,0000916398785193451
127,0000000000000000000
-0,0000889798830030486
128,0000000000000000000
-0,0000903098843991756
129,0000000000000000000
-0,0000889798830030486
130,0000000000000000000
-0,0000916398785193451
131,0000000000000000000
-0,0000903098843991756
132,0000000000000000000
-0,0000929698799154721
133,0000000000000000000
-0,0000916398785193451
134,0000000000000000000
-0,0000916398785193451
135,0000000000000000000
-0,0000916398785193451
136,0000000000000000000
-0,0000903098843991756
137,0000000000000000000
-0,0000889798830030486
138,0000000000000000000
-0,0000889798830030486
139,0000000000000000000
-0,0000916398785193451
140,0000000000000000000
-0,0000916398785193451
141,0000000000000000000
-0,0000929698799154721
142,0000000000000000000
-0,0000916398785193451
143,0000000000000000000
-0,0000903098843991756
144,0000000000000000000
-0,0000916398785193451
145,0000000000000000000
-0,0000903098843991756
146,0000000000000000000
-0,0000916398785193451
147,0000000000000000000
-0,0000903098843991756
148,0000000000000000000
-0,0000929698799154721
149,0000000000000000000
-0,0000889798830030486
150,0000000000000000000
-0,0000889798830030486
151,0000000000000000000
-0,0000889798830030486
152,0000000000000000000
-0,0000916398785193451
153,0000000000000000000
-0,0000916398785193451
154,0000000000000000000
-0,0000929698799154721
155,0000000000000000000
-0,0000916398785193451
156,0000000000000000000
-0,0000903098843991756
157,0000000000000000000
-0,0000916398785193451
158,0000000000000000000
-0,0000903098843991756
159,0000000000000000000
-0,0000903098843991756
160,0000000000000000000
-0,0000889798830030486
161,0000000000000000000
-0,0000916398785193451
162,0000000000000000000
-0,0000903098843991756
163,0000000000000000000
-0,0000903098843991756
164,0000000000000000000
-0,0000876498816069216
165,0000000000000000000
-0,0000876498816069216
166,0000000000000000000
-0,0000903098843991756
167,0000000000000000000
-0,0000903098843991756
168,0000000000000000000
-0,0000916398785193451
169,0000000000000000000
-0,0000903098843991756
170,0000000000000000000
-0,0000889798830030486
171,0000000000000000000
-0,0000889798830030486
172,0000000000000000000
-0,0000889798830030486
173,0000000000000000000
-0,0000903098843991756
174,0000000000000000000
-0,0000903098843991756
175,0000000000000000000
-0,0000916398785193451
176,0000000000000000000
-0,0000876498816069216
177,0000000000000000000
-0,0000876498816069216
178,0000000000000000000
-0,0000889798830030486
179,0000000000000000000
-0,0000903098843991756
180,0000000000000000000
-0,0000916398785193451
181,0000000000000000000
-0,0000929698799154721
182,0000000000000000000
-0,0000903098843991756
183,0000000000000000000
-0,0000889798830030486
184,0000000000000000000
-0,0000889798830030486
185,0000000000000000000
-0,0000889798830030486
186,0000000000000000000
-0,0000903098843991756
187,0000000000000000000
-0,0000903098843991756
188,0000000000000000000
-0,0000903098843991756
189,0000000000000000000
-0,0000889798830030486
190,0000000000000000000
-0,0000876498816069216
191,0000000000000000000
-0,0000863198802107945
192,0000000000000000000
-0,0000903098843991756
193,0000000000000000000
-0,0000929698799154721
194,0000000000000000000
-0,0000929698799154721
195,0000000000000000000
-0,0000916398785193451
196,0000000000000000000
-0,0000903098843991756
197,0000000000000000000
-0,0000889798830030486
198,0000000000000000000
-0,0000876498816069216
199,0000000000000000000
-0,0000889798830030486
200,0000000000000000000
-0,0000889798830030486
201,0000000000000000000
-0,0000903098843991756
202,0000000000000000000
-0,0000889798830030486
203,0000000000000000000
-0,0000889798830030486
204,0000000000000000000
-0,0000889798830030486
205,0000000000000000000
-0,0000889798830030486
206,0000000000000000000
-0,0000903098843991756
207,0000000000000000000
-0,0000903098843991756
208,0000000000000000000
-0,0000916398785193451
209,0000000000000000000
-0,0000889798830030486
210,0000000000000000000
-0,0000903098843991756
211,0000000000000000000
-0,0000889798830030486
212,0000000000000000000
-0,0000903098843991756
213,0000000000000000000
-0,0000903098843991756
214,0000000000000000000
-0,0000916398785193451
215,0000000000000000000
-0,0000903098843991756
216,0000000000000000000
-0,0000889798830030486
217,0000000000000000000
-0,0000903098843991756
218,0000000000000000000
-0,0000889798830030486
219,0000000000000000000
-0,0000889798830030486
220,0000000000000000000
-0,0000903098843991756
221,0000000000000000000
-0,0000993098843991756
222,0000000000000000000
-0,0000889798830030486
223,0000000000000000000
-0,0000863198802107945
224,0000000000000000000
-0,0000836598774185404
225,0000000000000000000
-0,0000836598774185404
226,0000000000000000000
-0,0000823298760224134
227,0000000000000000000
-0,0000809998746262863
228,0000000000000000000
-0,0000770098849898204
229,0000000000000000000
-0,0000743498821975663
230,0000000000000000000
-0,0000716898794053122
231,0000000000000000000
-0,0000676998752169311
232,0000000000000000000
-0,0000690298766130581
233,0000000000000000000
-0,0000676998752169311
234,0000000000000000000
-0,0000676998752169311
235,0000000000000000000
-0,0000637098783045076
236,0000000000000000000
-0,0000583898799959570
237,0000000000000000000
-0,0000570598785998300
238,0000000000000000000
-0,0000543998830835335
239,0000000000000000000
-0,0000530698816874065
240,0000000000000000000
-0,0000530698816874065
241,0000000000000000000
-0,0000517398802912794
242,0000000000000000000
-0,0000490798774990253
243,0000000000000000000
-0,0000477498833788559
244,0000000000000000000
-0,0000490798774990253
245,0000000000000000000
-0,0000490798774990253
246,0000000000000000000
-0,0000490798774990253
247,0000000000000000000
-0,0000490798774990253
248,0000000000000000000
-0,0000477498833788559
249,0000000000000000000
-0,0000437598791904747
250,0000000000000000000
-0,0000424298777943477
251,0000000000000000000
-0,0000397698822780512
252,0000000000000000000
-0,0000397698822780512
253,0000000000000000000
-0,0000397698822780512
254,0000000000000000000
-0,0000384398808819242
255,0000000000000000000
-0,0000357798780896701
256,0000000000000000000
-0,0000304598797811195
257,0000000000000000000
-0,0000264698828686960
258,0000000000000000000
-0,0000238098800764419
259,0000000000000000000
-0,0000211498772841878
260,0000000000000000000
-0,0000211498772841878
261,0000000000000000000
-0,0000198198831640184
262,0000000000000000000
-0,0000144998775795102
263,0000000000000000000
-0,0000131698834593408
264,0000000000000000000
-0,0000131698834593408
265,0000000000000000000
-0,0000118398820632137
266,0000000000000000000
-0,0000131698834593408
267,0000000000000000000
-0,0000105098806670867
268,0000000000000000000
-0,0000078498778748326
269,0000000000000000000
-0,0000065198764787056
270,0000000000000000000
-0,0000051898823585361
271,0000000000000000000
-0,0000025298795662820
272,0000000000000000000
-0,0000038598809624091
273,0000000000000000000
-0,0000051898823585361
274,0000000000000000000
-0,0000051898823585361
275,0000000000000000000
-0,0000065198764787056
276,0000000000000000000
-0,0000051898823585361
277,0000000000000000000
-0,0000078498778748326
278,0000000000000000000
-0,0000078498778748326
279,0000000000000000000
-0,0000091798792709597
280,0000000000000000000
-0,0000131698834593408
281,0000000000000000000
-0,0000144998775795102
282,0000000000000000000
-0,0000144998775795102
283,0000000000000000000
-0,0000131698834593408
284,0000000000000000000
-0,0000118398820632137
285,0000000000000000000
-0,0000144998775795102
286,0000000000000000000
-0,0000184898817678913
287,0000000000000000000
-0,0000198198831640184
288,0000000000000000000
-0,0000211498772841878
289,0000000000000000000
-0,0000224798786803149
290,0000000000000000000
-0,0000238098800764419
291,0000000000000000000
-0,0000238098800764419
292,0000000000000000000
-0,0000277998769888654
293,0000000000000000000
-0,0000304598797811195
294,0000000000000000000
-0,0000344498766935430
295,0000000000000000000
-0,0000344498766935430
296,0000000000000000000
-0,0000371098794857971
297,0000000000000000000
-0,0000397698822780512
298,0000000000000000000
-0,0000437598791904747
299,0000000000000000000
-0,0000477498833788559
300,0000000000000000000
-0,0000517398802912794
301,0000000000000000000
-0,0000530698816874065
302,0000000000000000000
-0,0000517398802912794
303,0000000000000000000
-0,0000530698816874065
304,0000000000000000000
-0,0000543998830835335
305,0000000000000000000
-0,0000597198813920841
306,0000000000000000000
-0,0000637098783045076
307,0000000000000000000
-0,0000637098783045076
308,0000000000000000000
-0,0000663698810967617
309,0000000000000000000
-0,0000676998752169311
310,0000000000000000000
-0,0000690298766130581
311,0000000000000000000
-0,0000703598780091852
312,0000000000000000000
-0,0000756798835936934
313,0000000000000000000
-0,0000783398791099899
314,0000000000000000000
-0,0000796698805061169
315,0000000000000000000
-0,0000783398791099899
316,0000000000000000000
-0,0000783398791099899
317,0000000000000000000
-0,0000809998746262863
318,0000000000000000000
-0,0000823298760224134
319,0000000000000000000
-0,0000836598774185404
320,0000000000000000000
-0,0000849898788146675
321,0000000000000000000
-0,0000876498816069216
322,0000000000000000000
-0,0000849898788146675
323,0000000000000000000
-0,0000849898788146675
324,0000000000000000000
-0,0000863198802107945
325,0000000000000000000
-0,0000889798830030486
326,0000000000000000000
-0,0000916398785193451
327,0000000000000000000
-0,0000929698799154721
328,0000000000000000000
-0,0000929698799154721
329,0000000000000000000
-0,0000942998813115992
330,0000000000000000000
-0,0000942998813115992
331,0000000000000000000
-0,0000929698799154721
332,0000000000000000000
-0,0000956298754317686
333,0000000000000000000
-0,0000969598768278956
334,0000000000000000000
-0,0000969598768278956
335,0000000000000000000
-0,0000969598768278956
336,0000000000000000000
-0,0000969598768278956
337,0000000000000000000
-0,0000969598768278956
338,0000000000000000000
-0,0000982898782240227
339,0000000000000000000
-0,0000996198796201497
340,0000000000000000000
-0,0000996198796201497
341,0000000000000000000
-0,0001009498810162770
342,0000000000000000000
-0,0001009498810162770
343,0000000000000000000
-0,0001009498810162770
344,0000000000000000000
-0,0001009498810162770
345,0000000000000000000
-0,0001022798824124040
346,0000000000000000000
-0,0001036098838085310
347,0000000000000000000
-0,0001036098838085310
348,0000000000000000000
-0,0001036098838085310
349,0000000000000000000
-0,0001022798824124040
350,0000000000000000000
-0,0001022798824124040
351,0000000000000000000
-0,0001022798824124040
352,0000000000000000000
-0,0001022798824124040
353,0000000000000000000
-0,0001049398779287000
354,0000000000000000000
-0,0001049398779287000
355,0000000000000000000
-0,0001036098838085310
356,0000000000000000000
-0,0001022798824124040
357,0000000000000000000
-0,0001036098838085310
358,0000000000000000000
-0,0001022798824124040
359,0000000000000000000
-0,0001036098838085310
360,0000000000000000000
-0,0001036098838085310
361,0000000000000000000
-0,0001036098838085310
362,0000000000000000000
-0,0001036098838085310
363,0000000000000000000
-0,0001036098838085310
364,0000000000000000000
-0,0001009498810162770
365,0000000000000000000
-0,0001009498810162770
366,0000000000000000000
-0,0001022798824124040
367,0000000000000000000
-0,0001022798824124040
368,0000000000000000000
-0,0001036098838085310
369,0000000000000000000
-0,0001036098838085310
370,0000000000000000000
-0,0001062698793248270
371,0000000000000000000
-0,0000989298821170810
372,0000000000000000000
-0,0001142498804256320
373,0000000000000000000
-0,0001169098832178860
374,0000000000000000000
-0,0001222298742504790
375,0000000000000000000
-0,0001275498798349870
376,0000000000000000000
-0,0001328698854194950
377,0000000000000000000
-0,0001408498792443420
378,0000000000000000000
-0,0001474998716730620
379,0000000000000000000
-0,0001528198772575710
380,0000000000000000000
-0,0001568098814459520
381,0000000000000000000
-0,0001621298724785450
382,0000000000000000000
-0,0001674498780630530
383,0000000000000000000
-0,0001754298864398150
384,0000000000000000000
-0,0001807498774724080
385,0000000000000000000
-0,0001900598872452970
386,0000000000000000000
-0,0002006998693104830
387,0000000000000000000
-0,0002086798776872460
388,0000000000000000000
-0,0002153298701159660
389,0000000000000000000
-0,0002193198888562620
390,0000000000000000000
-0,0002293198888562620
391,0000000000000000000
-0,0002166598860640080
392,0000000000000000000
-0,0002139998832717540
393,0000000000000000000
-0,0002086798776872460
394,0000000000000000000
-0,0001940498768817630
395,0000000000000000000
-0,0001687798794591800
396,0000000000000000000
-0,0001368598750559610
397,0000000000000000000
-0,0001009498810162770
398,0000000000000000000
-0,0000610498827882111
399,0000000000000000000
-0,0000144998775795102
400,0000000000000000000
0,0000400301214540377
401,0000000000000000000
0,0001025401143124330
402,0000000000000000000
0,0001730301155475900
403,0000000000000000000
0,0002475100918672980
404,0000000000000000000
0,0003259801305830480
405,0000000000000000000
0,0004057801561430100
406,0000000000000000000
0,0004829201498068870
407,0000000000000000000
0,0005627201171591880
408,0000000000000000000
0,0006438501295633610
409,0000000000000000000
0,0007276401156559590
410,0000000000000000000
0,0008207401260733600
411,0000000000000000000
0,0009165001101791860
412,0000000000000000000
0,0010029501281678700
413,0000000000000000000
0,0010707800975069400
414,0000000000000000000
0,0011199901346117300
415,0000000000000000000
0,0011585601605474900
416,0000000000000000000
0,0011931401677429700
417,0000000000000000000
0,0012184100924059700
418,0000000000000000000
0,0012290501035749900
419,0000000000000000000
0,0012224001111462700
420,0000000000000000000
0,0012104301713407000
421,0000000000000000000
0,0011944700963795200
422,0000000000000000000
0,0011785101378336500
423,0000000000000000000
0,0011572301154956200
424,0000000000000000000
0,0011253100819885700
425,0000000000000000000
0,0010814201086759600
426,0000000000000000000
0,0010229001054540300
427,0000000000000000000
0,0009564001811668280
428,0000000000000000000
0,0008779300842434170
429,0000000000000000000
0,0007968001300469040
430,0000000000000000000
0,0007183301495388150
431,0000000000000000000
0,0006465101614594460
432,0000000000000000000
0,0005773501470685010
433,0000000000000000000
0,0005148401251062750
434,0000000000000000000
0,0004603101406246420
435,0000000000000000000
0,0004071101429872210
436,0000000000000000000
0,0003565701190382240
437,0000000000000000000
0,0003086901269853120
438,0000000000000000000
0,0002661301405169070
439,0000000000000000000
0,0002249001263407990
440,0000000000000000000
0,0001876601163530720
441,0000000000000000000
0,0001557401119498540
442,0000000000000000000
0,0001291401131311430
443,0000000000000000000
0,0001078601198969410
444,0000000000000000000
0,0000905701162992045
445,0000000000000000000
0,0000759401154937223
446,0000000000000000000
0,0000626401160843670
447,0000000000000000000
0,0000546601222595200
448,0000000000000000000
0,0000493401166750118
449,0000000000000000000
0,0000493401166750118
450,0000000000000000000
0,0000480101152788848
451,0000000000000000000
0,0000480101152788848
452,0000000000000000000
0,0000466801138827577
453,0000000000000000000
0,0000440201256424189
454,0000000000000000000
0,0000413601228501648
455,0000000000000000000
0,0000387001200579107
456,0000000000000000000
0,0000347101158695295
457,0000000000000000000
0,0000293901248369366
458,0000000000000000000
0,0000254001206485555
459,0000000000000000000
0,0000200801150640473
460,0000000000000000000
0,0000121001212392002
461,0000000000000000000
0,0000067801156546921
462,0000000000000000000
0,0000027901260182262
463,0000000000000000000
-0,0000025298795662820
464,0000000000000000000
-0,0000078498778748326
465,0000000000000000000
-0,0000131698834593408
466,0000000000000000000
-0,0000211498772841878
467,0000000000000000000
-0,0000264698828686960
468,0000000000000000000
-0,0000317898811772466
469,0000000000000000000
-0,0000357798780896701
470,0000000000000000000
-0,0000357798780896701
471,0000000000000000000
-0,0000371098794857971
472,0000000000000000000
-0,0000410998763982207
473,0000000000000000000
-0,0000424298777943477
474,0000000000000000000
-0,0000437598791904747
475,0000000000000000000
-0,0000450898805866018
476,0000000000000000000
-0,0000437598791904747
477,0000000000000000000
-0,0000437598791904747
478,0000000000000000000
-0,0000437598791904747
479,0000000000000000000
-0,0000464198819827288
480,0000000000000000000
-0,0000477498833788559
481,0000000000000000000
-0,0000490798774990253
482,0000000000000000000
-0,0000477498833788559
483,0000000000000000000
-0,0000490798774990253
484,0000000000000000000
-0,0000477498833788559
485,0000000000000000000
-0,0000477498833788559
486,0000000000000000000
-0,0000504098788951524
487,0000000000000000000
-0,0000530698816874065
488,0000000000000000000
-0,0000530698816874065
489,0000000000000000000
-0,0000517398802912794
490,0000000000000000000
-0,0000517398802912794
491,0000000000000000000
-0,0000504098788951524
492,0000000000000000000
-0,0000517398802912794
493,0000000000000000000
-0,0000530698816874065
494,0000000000000000000
-0,0000543998830835335
495,0000000000000000000
-0,0000530698816874065
496,0000000000000000000
-0,0000530698816874065
497,0000000000000000000
-0,0000517398802912794
498,0000000000000000000
-0,0000517398802912794
499,0000000000000000000
-0,0000530698816874065
500,0000000000000000000
-0,0000543998830835335
501,0000000000000000000
-0,0000557298772037029
502,0000000000000000000
-0,0000530698816874065
503,0000000000000000000
-0,0000530698816874065
504,0000000000000000000
-0,0000517398802912794
505,0000000000000000000
-0,0000530698816874065
506,0000000000000000000
-0,0000543998830835335
507,0000000000000000000
-0,0000543998830835335
508,0000000000000000000
-0,0000543998830835335
509,0000000000000000000
-0,0000530698816874065
510,0000000000000000000
-0,0000517398802912794
511,0000000000000000000
-0,0000504098788951524
512,0000000000000000000
-0,0000517398802912794
513,0000000000000000000
-0,0000517398802912794
514,0000000000000000000
-0,0000490798774990253
515,0000000000000000000
-0,0000504098788951524
516,0000000000000000000
-0,0000477498833788559
517,0000000000000000000
-0,0000477498833788559
518,0000000000000000000
-0,0000477498833788559
519,0000000000000000000
-0,0000490798774990253
520,0000000000000000000
-0,0000490798774990253
521,0000000000000000000
-0,0000490798774990253
522,0000000000000000000
-0,0000464198819827288
523,0000000000000000000
-0,0000437598791904747
524,0000000000000000000
-0,0000437598791904747
525,0000000000000000000
-0,0000437598791904747
526,0000000000000000000
-0,0000450898805866018
527,0000000000000000000
-0,0000450898805866018
528,0000000000000000000
-0,0000464198819827288
529,0000000000000000000
-0,0000450898805866018
530,0000000000000000000
-0,0000424298777943477
531,0000000000000000000
-0,0000410998763982207
532,0000000000000000000
-0,0000424298777943477
533,0000000000000000000
-0,0000424298777943477
534,0000000000000000000
-0,0000450898805866018
535,0000000000000000000
-0,0000437598791904747
536,0000000000000000000
-0,0000410998763982207
537,0000000000000000000
-0,0000397698822780512
538,0000000000000000000
-0,0000384398808819242
539,0000000000000000000
-0,0000397698822780512
540,0000000000000000000
-0,0000384398808819242
541,0000000000000000000
-0,0000397698822780512
542,0000000000000000000
-0,0000384398808819242
543,0000000000000000000
-0,0000384398808819242
544,0000000000000000000
-0,0000357798780896701
545,0000000000000000000
-0,0000357798780896701
546,0000000000000000000
-0,0000344498766935430
547,0000000000000000000
-0,0000344498766935430
548,0000000000000000000
-0,0000317898811772466
549,0000000000000000000
-0,0000317898811772466
550,0000000000000000000
-0,0000304598797811195
551,0000000000000000000
-0,0000291298783849925
552,0000000000000000000
-0,0000304598797811195
553,0000000000000000000
-0,0000304598797811195
554,0000000000000000000
-0,0000317898811772466
555,0000000000000000000
-0,0000304598797811195
556,0000000000000000000
-0,0000277998769888654
557,0000000000000000000
-0,0000277998769888654
558,0000000000000000000
-0,0000251398814725690
559,0000000000000000000
-0,0000251398814725690
560,0000000000000000000
-0,0000264698828686960
561,0000000000000000000
-0,0000264698828686960
562,0000000000000000000
-0,0000251398814725690
563,0000000000000000000
-0,0000238098800764419
564,0000000000000000000
-0,0000224798786803149
565,0000000000000000000
-0,0000238098800764419
566,0000000000000000000
-0,0000251398814725690
567,0000000000000000000
-0,0000238098800764419
568,0000000000000000000
-0,0000224798786803149
569,0000000000000000000
-0,0000224798786803149
570,0000000000000000000
-0,0000211498772841878
571,0000000000000000000
-0,0000184898817678913
572,0000000000000000000
-0,0000184898817678913
573,0000000000000000000
-0,0000184898817678913
574,0000000000000000000
-0,0000171598803717643
575,0000000000000000000
-0,0000158298789756373
576,0000000000000000000
-0,0000118398820632137
577,0000000000000000000
-0,0000105098806670867
578,0000000000000000000
-0,0000105098806670867
579,0000000000000000000
-0,0000105098806670867
580,0000000000000000000
-0,0000105098806670867
581,0000000000000000000
-0,0000091798792709597
582,0000000000000000000
-0,0000051898823585361
583,0000000000000000000
-0,0000011998781701550
584,0000000000000000000
-0,0000011998781701550
585,0000000000000000000
0,0000001301232259721
586,0000000000000000000
0,0000001301232259721
587,0000000000000000000
0,0000001301232259721
588,0000000000000000000
0,0000001301232259721
589,0000000000000000000
0,0000027901260182262
590,0000000000000000000
0,0000041201274143532
591,0000000000000000000
0,0000081101170508191
592,0000000000000000000
0,0000081101170508191
593,0000000000000000000
0,0000081101170508191
594,0000000000000000000
0,0000094401184469461
595,0000000000000000000
0,0000121001212392002
596,0000000000000000000
0,0000134301226353273
597,0000000000000000000
0,0000134301226353273
598,0000000000000000000
0,0000147601240314543
599,0000000000000000000
0,0000160901254275814
600,0000000000000000000
0,0000160901254275814
601,0000000000000000000
0,0000160901254275814
602,0000000000000000000
0,0000187501136679202
603,0000000000000000000
0,0000214101164601743
604,0000000000000000000
0,0000240701192524284
605,0000000000000000000
0,0000240701192524284
606,0000000000000000000
0,0000227401178563014
607,0000000000000000000
0,0000240701192524284
608,0000000000000000000
0,0000254001206485555
609,0000000000000000000
0,0000293901248369366
610,0000000000000000000
0,0000307201262330636
611,0000000000000000000
0,0000347101158695295
612,0000000000000000000
0,0000333801144734025
613,0000000000000000000
0,0000347101158695295
614,0000000000000000000
0,0000333801144734025
615,0000000000000000000
0,0000347101158695295
616,0000000000000000000
0,0000387001200579107
617,0000000000000000000
0,0000400301214540377
618,0000000000000000000
0,0000426901242462918
619,0000000000000000000
0,0000440201256424189
620,0000000000000000000
0,0000453501270385459
621,0000000000000000000
0,0000453501270385459
622,0000000000000000000
0,0000480101152788848
623,0000000000000000000
0,0000493401166750118
624,0000000000000000000
0,0000520001194672659
625,0000000000000000000
0,0000533301208633929
626,0000000000000000000
0,0000533301208633929
627,0000000000000000000
0,0000546601222595200
628,0000000000000000000
0,0000559901236556470
629,0000000000000000000
0,0000586501264479011
630,0000000000000000000
0,0000599801132921129
631,0000000000000000000
0,0000626401160843670
632,0000000000000000000
0,0000639701174804941
633,0000000000000000000
0,0000613101146882400
634,0000000000000000000
0,0000639701174804941
635,0000000000000000000
0,0000653001188766211
636,0000000000000000000
0,0000692901230650023
637,0000000000000000000
0,0000719501258572564
638,0000000000000000000
0,0000732801272533834
639,0000000000000000000
0,0000732801272533834
640,0000000000000000000
0,0000759401154937223
641,0000000000000000000
0,0000786001182859764
642,0000000000000000000
0,0000799301196821034
643,0000000000000000000
0,0000825901224743575
644,0000000000000000000
0,0000852501252666116
645,0000000000000000000
0,0000879101135069504
646,0000000000000000000
0,0000905701162992045
647,0000000000000000000
0,0000919001176953316
648,0000000000000000000
0,0000932301190914586
649,0000000000000000000
0,0000972201232798398
650,0000000000000000000
0,0001012101129163060
651,0000000000000000000
0,0001052001171046870
652,0000000000000000000
0,0001078601198969410
653,0000000000000000000
0,0001118501240853220
654,0000000000000000000
0,0001131801254814490
655,0000000000000000000
0,0001158401137217880
656,0000000000000000000
0,0001211601338582110
657,0000000000000000000
0,0001238201075466350
658,0000000000000000000
0,0001278101262869310
659,0000000000000000000
0,0001304701290791850
660,0000000000000000000
0,0001318001159233970
661,0000000000000000000
0,0001344601187156510
662,0000000000000000000
0,0001384501083521170
663,0000000000000000000
0,0001411101111443710
664,0000000000000000000
0,0001451001298846680
665,0000000000000000000
0,0001477601326769220
666,0000000000000000000
0,0001490901195211340
667,0000000000000000000
0,0001530801091576000
668,0000000000000000000
0,0001557401119498540
669,0000000000000000000
0,0001584001147421080
670,0000000000000000000
0,0001610601175343620
671,0000000000000000000
0,0001663801231188700
672,0000000000000000000
0,0001677101099630820
673,0000000000000000000
0,0001690401259111240
674,0000000000000000000
0,0001717001287033780
675,0000000000000000000
0,0001770201342878860
676,0000000000000000000
0,0001810101239243520
677,0000000000000000000
0,0001850001135608180
678,0000000000000000000
0,0001850001135608180
679,0000000000000000000
0,0001876601163530720
680,0000000000000000000
0,0001916501059895380
681,0000000000000000000
0,0001929801219375800
682,0000000000000000000
0,0001983001275220890
683,0000000000000000000
0,0002022901171585540
684,0000000000000000000
0,0002049501199508090
685,0000000000000000000
0,0002076101227430630
686,0000000000000000000
0,0002102701255353170
687,0000000000000000000
0,0002102701255353170
688,0000000000000000000
0,0002129301283275710
689,0000000000000000000
0,0002182501339120790
690,0000000000000000000
0,0002209101076005030
691,0000000000000000000
0,0002249001263407990
692,0000000000000000000
0,0002249001263407990
693,0000000000000000000
0,0002262301131850110
694,0000000000000000000
0,0002288901159772650
695,0000000000000000000
0,0002328801056137310
696,0000000000000000000
0,0002355401084059850
697,0000000000000000000
0,0002368701243540270
698,0000000000000000000
0,0002395301271462810
699,0000000000000000000
0,0002408601139904930
700,0000000000000000000
0,0002408601139904930
701,0000000000000000000
0,0002408601139904930
702,0000000000000000000
0,0002448501181788740
703,0000000000000000000
0,0002475100918672980
704,0000000000000000000
0,0002488401369191710
705,0000000000000000000
0,0002515001106075940
706,0000000000000000000
0,0002501701237633820
707,0000000000000000000
0,0002515001106075940
708,0000000000000000000
0,0002515001106075940
709,0000000000000000000
0,0002515001106075940
710,0000000000000000000
0,0002528300974518060
711,0000000000000000000
0,0002621601425036790
712,0000000000000000000
0,0002525001106075940
713,0000000000000000000
0,0002501701237633820
714,0000000000000000000
0,0002475100918672980
715,0000000000000000000
0,0002461801050230860
716,0000000000000000000
0,0002475100918672980
717,0000000000000000000
0,0002475100918672980
718,0000000000000000000
0,0002461801050230860
719,0000000000000000000
0,0002435201167827470
720,0000000000000000000
0,0002408601139904930
721,0000000000000000000
0,0002368701243540270
722,0000000000000000000
0,0002355401084059850
723,0000000000000000000
0,0002342101215617730
724,0000000000000000000
0,0002302201319253070
725,0000000000000000000
0,0002275601291330530
726,0000000000000000000
0,0002235701103927570
727,0000000000000000000
0,0002182501339120790
728,0000000000000000000
0,0002142601151717830
729,0000000000000000000
0,0002129301283275710
730,0000000000000000000
0,0002102701255353170
731,0000000000000000000
0,0002062801067950200
732,0000000000000000000
0,0002009601303143430
733,0000000000000000000
0,0001929801219375800
734,0000000000000000000
0,0001876601163530720
735,0000000000000000000
0,0001850001135608180
736,0000000000000000000
0,0001810101239243520
737,0000000000000000000
0,0001783501211320980
738,0000000000000000000
0,0001743601314956320
739,0000000000000000000
0,0001663801231188700
740,0000000000000000000
0,0001623901334824040
741,0000000000000000000
0,0001557401119498540
742,0000000000000000000
0,0001490901195211340
743,0000000000000000000
0,0001437701139366250
744,0000000000000000000
0,0001397801243001600
745,0000000000000000000
0,0001331301318714400
746,0000000000000000000
0,0001264801103388890
747,0000000000000000000
0,0001224901207024230
748,0000000000000000000
0,0001158401137217880
749,0000000000000000000
0,0001118501240853220
750,0000000000000000000
0,0001065301185008140
751,0000000000000000000
0,0001012101129163060
752,0000000000000000000
0,0000945601204875857
753,0000000000000000000
0,0000879101135069504
754,0000000000000000000
0,0000839201238704845
755,0000000000000000000
0,0000799301196821034
756,0000000000000000000
0,0000746101140975952
757,0000000000000000000
0,0000706201244611293
758,0000000000000000000
0,0000666301202727482
759,0000000000000000000
0,0000599801132921129
760,0000000000000000000
0,0000546601222595200
761,0000000000000000000
0,0000480101152788848
762,0000000000000000000
0,0000466801138827577
763,0000000000000000000
0,0000440201256424189
764,0000000000000000000
0,0000413601228501648
765,0000000000000000000
0,0000360401172656566
766,0000000000000000000
0,0000320501130772755
767,0000000000000000000
0,0000280601234408095
768,0000000000000000000
0,0000254001206485555
769,0000000000000000000
0,0000214101164601743
770,0000000000000000000
0,0000187501136679202
771,0000000000000000000
0,0000160901254275814
772,0000000000000000000
0,0000121001212392002
773,0000000000000000000
0,0000067801156546921
774,0000000000000000000
0,0000041201274143532
775,0000000000000000000
0,0000014601246220991
776,0000000000000000000
0,0000014601246220991
777,0000000000000000000
-0,0000011998781701550
778,0000000000000000000
-0,0000038598809624091
779,0000000000000000000
-0,0000065198764787056
780,0000000000000000000
-0,0000105098806670867
781,0000000000000000000
-0,0000144998775795102
782,0000000000000000000
-0,0000158298789756373
783,0000000000000000000
-0,0000158298789756373
784,0000000000000000000
-0,0000171598803717643
785,0000000000000000000
-0,0000184898817678913
786,0000000000000000000
-0,0000224798786803149
787,0000000000000000000
-0,0000238098800764419
788,0000000000000000000
-0,0000251398814725690
789,0000000000000000000
-0,0000251398814725690
790,0000000000000000000
-0,0000264698828686960
791,0000000000000000000
-0,0000264698828686960
792,0000000000000000000
-0,0000277998769888654
793,0000000000000000000
-0,0000304598797811195
794,0000000000000000000
-0,0000317898811772466
795,0000000000000000000
-0,0000331198825733736
796,0000000000000000000
-0,0000317898811772466
797,0000000000000000000
-0,0000331198825733736
798,0000000000000000000
-0,0000317898811772466
799,0000000000000000000
-0,0000344498766935430
800,0000000000000000000
-0,0000357798780896701
801,0000000000000000000
-0,0000371098794857971
802,0000000000000000000
-0,0000357798780896701
803,0000000000000000000
-0,0000357798780896701
804,0000000000000000000
-0,0000357798780896701
805,0000000000000000000
-0,0000357798780896701
806,0000000000000000000
-0,0000397698822780512
807,0000000000000000000
-0,0000397698822780512
808,0000000000000000000
-0,0000384398808819242
809,0000000000000000000
-0,0000384398808819242
810,0000000000000000000
-0,0000371098794857971
811,0000000000000000000
-0,0000371098794857971
812,0000000000000000000
-0,0000384398808819242
813,0000000000000000000
-0,0000397698822780512
814,0000000000000000000
-0,0000397698822780512
815,0000000000000000000
-0,0000410998763982207
816,0000000000000000000
-0,0000397698822780512
817,0000000000000000000
-0,0000410998763982207
818,0000000000000000000
-0,0000397698822780512
819,0000000000000000000
-0,0000397698822780512
820,0000000000000000000
-0,0000397698822780512
821,0000000000000000000
-0,0000424298777943477
822,0000000000000000000
-0,0000410998763982207
823,0000000000000000000
-0,0000397698822780512
824,0000000000000000000
-0,0000410998763982207
825,0000000000000000000
-0,0000424298777943477
826,0000000000000000000
-0,0000437598791904747
827,0000000000000000000
-0,0000437598791904747
828,0000000000000000000
-0,0000450898805866018
829,0000000000000000000
-0,0000437598791904747
830,0000000000000000000
-0,0000424298777943477
831,0000000000000000000
-0,0000397698822780512
832,0000000000000000000
-0,0000424298777943477
833,0000000000000000000
-0,0000450898805866018
834,0000000000000000000
-0,0000464198819827288
835,0000000000000000000
-0,0000450898805866018
836,0000000000000000000
-0,0000450898805866018
837,0000000000000000000
-0,0000450898805866018
838,0000000000000000000
-0,0000437598791904747
839,0000000000000000000
-0,0000424298777943477
840,0000000000000000000
-0,0000424298777943477
841,0000000000000000000
-0,0000424298777943477
842,0000000000000000000
-0,0000424298777943477
843,0000000000000000000
-0,0000424298777943477
844,0000000000000000000
-0,0000410998763982207
845,0000000000000000000
-0,0000424298777943477
846,0000000000000000000
-0,0000437598791904747
847,0000000000000000000
-0,0000424298777943477
848,0000000000000000000
-0,0000424298777943477
849,0000000000000000000
-0,0000410998763982207
850,0000000000000000000
-0,0000397698822780512
851,0000000000000000000
-0,0000384398808819242
852,0000000000000000000
-0,0000397698822780512
853,0000000000000000000
-0,0000410998763982207
854,0000000000000000000
-0,0000410998763982207
855,0000000000000000000
-0,0000410998763982207
856,0000000000000000000
-0,0000397698822780512
857,0000000000000000000
-0,0000384398808819242
858,0000000000000000000
-0,0000357798780896701
859,0000000000000000000
-0,0000371098794857971
860,0000000000000000000
-0,0000384398808819242
861,0000000000000000000
-0,0000397698822780512
862,0000000000000000000
-0,0000384398808819242
863,0000000000000000000
-0,0000371098794857971
864,0000000000000000000
-0,0000357798780896701
865,0000000000000000000
-0,0000371098794857971
866,0000000000000000000
-0,0000371098794857971
867,0000000000000000000
-0,0000357798780896701
868,0000000000000000000
-0,0000357798780896701
869,0000000000000000000
-0,0000371098794857971
870,0000000000000000000
-0,0000357798780896701
871,0000000000000000000
-0,0000357798780896701
872,0000000000000000000
-0,0000357798780896701
873,0000000000000000000
-0,0000384398808819242
874,0000000000000000000
-0,0000384398808819242
875,0000000000000000000
-0,0000384398808819242
876,0000000000000000000
-0,0000371098794857971
877,0000000000000000000
-0,0000357798780896701
878,0000000000000000000
-0,0000371098794857971
879,0000000000000000000
-0,0000371098794857971
880,0000000000000000000
-0,0000371098794857971
881,0000000000000000000
-0,0000397698822780512
882,0000000000000000000
-0,0000397698822780512
883,0000000000000000000
-0,0000384398808819242
884,0000000000000000000
-0,0000371098794857971
885,0000000000000000000
-0,0000371098794857971
886,0000000000000000000
-0,0000371098794857971
887,0000000000000000000
-0,0000384398808819242
888,0000000000000000000
-0,0000384398808819242
889,0000000000000000000
-0,0000371098794857971
890,0000000000000000000
-0,0000357798780896701
891,0000000000000000000
-0,0000344498766935430
892,0000000000000000000
-0,0000371098794857971
893,0000000000000000000
-0,0000371098794857971
894,0000000000000000000
-0,0000357798780896701
895,0000000000000000000
-0,0000357798780896701
896,0000000000000000000
-0,0000357798780896701
897,0000000000000000000
-0,0000344498766935430
898,0000000000000000000
-0,0000344498766935430
899,0000000000000000000
-0,0000357798780896701
900,0000000000000000000
-0,0000371098794857971
901,0000000000000000000
-0,0000371098794857971
902,0000000000000000000
-0,0000357798780896701
903,0000000000000000000
-0,0000357798780896701
904,0000000000000000000
-0,0000344498766935430
905,0000000000000000000
-0,0000371098794857971
906,0000000000000000000
-0,0000371098794857971
907,0000000000000000000
-0,0000371098794857971
908,0000000000000000000
-0,0000371098794857971
909,0000000000000000000
-0,0000357798780896701
910,0000000000000000000
-0,0000357798780896701
911,0000000000000000000
-0,0000357798780896701
912,0000000000000000000
-0,0000357798780896701
913,0000000000000000000
-0,0000371098794857971
914,0000000000000000000
-0,0000397698822780512
915,0000000000000000000
-0,0000384398808819242
916,0000000000000000000
-0,0000384398808819242
917,0000000000000000000
-0,0000371098794857971
918,0000000000000000000
-0,0000357798780896701
919,0000000000000000000
-0,0000357798780896701
920,0000000000000000000
-0,0000371098794857971
921,0000000000000000000
-0,0000371098794857971
922,0000000000000000000
-0,0000357798780896701
923,0000000000000000000
-0,0000371098794857971
924,0000000000000000000
-0,0000357798780896701
925,0000000000000000000
-0,0000371098794857971
926,0000000000000000000
-0,0000397698822780512
927,0000000000000000000
-0,0000384398808819242
928,0000000000000000000
-0,0000397698822780512
929,0000000000000000000
-0,0000371098794857971
930,0000000000000000000
-0,0000357798780896701
931,0000000000000000000
-0,0000344498766935430
932,0000000000000000000
-0,0000371098794857971
933,0000000000000000000
-0,0000384398808819242
934,0000000000000000000
-0,0000410998763982207
935,0000000000000000000
-0,0000384398808819242
936,0000000000000000000
-0,0000371098794857971
937,0000000000000000000
-0,0000371098794857971
938,0000000000000000000
-0,0000371098794857971
939,0000000000000000000
-0,0000384398808819242
940,0000000000000000000
-0,0000384398808819242
941,0000000000000000000
-0,0000397698822780512
942,0000000000000000000
-0,0000384398808819242
943,0000000000000000000
-0,0000371098794857971
944,0000000000000000000
-0,0000357798780896701
945,0000000000000000000
-0,0000371098794857971
946,0000000000000000000
-0,0000384398808819242
947,0000000000000000000
-0,0000384398808819242
948,0000000000000000000
-0,0000384398808819242
949,0000000000000000000
-0,0000371098794857971
950,0000000000000000000
-0,0000384398808819242
951,0000000000000000000
-0,0000384398808819242
952,0000000000000000000
-0,0000397698822780512
953,0000000000000000000
-0,0000397698822780512
954,0000000000000000000
-0,0000410998763982207
955,0000000000000000000
-0,0000410998763982207
956,0000000000000000000
-0,0000410998763982207
957,0000000000000000000
-0,0000410998763982207
958,0000000000000000000
-0,0000410998763982207
959,0000000000000000000
-0,0000437598791904747
960,0000000000000000000
-0,0000450898805866018
961,0000000000000000000
-0,0000464198819827288
962,0000000000000000000
-0,0000450898805866018
963,0000000000000000000
-0,0000437598791904747
964,0000000000000000000
-0,0000424298777943477
965,0000000000000000000
-0,0000450898805866018
966,0000000000000000000
-0,0000450898805866018
967,0000000000000000000
-0,0000464198819827288
968,0000000000000000000
-0,0000477498833788559
969,0000000000000000000
-0,0000464198819827288
970,0000000000000000000
-0,0000464198819827288
971,0000000000000000000
-0,0000437598791904747
972,0000000000000000000
-0,0000450898805866018
973,0000000000000000000
-0,0000464198819827288
974,0000000000000000000
-0,0000464198819827288
975,0000000000000000000
-0,0000464198819827288
976,0000000000000000000
-0,0000437598791904747
977,0000000000000000000
-0,0000437598791904747
978,0000000000000000000
-0,0000437598791904747
979,0000000000000000000
-0,0000450898805866018
980,0000000000000000000
-0,0000464198819827288
981,0000000000000000000
-0,0000464198819827288
982,0000000000000000000
-0,0000424298777943477
983,0000000000000000000
-0,0000424298777943477
984,0000000000000000000
-0,0000437598791904747
985,0000000000000000000
-0,0000437598791904747
986,0000000000000000000
-0,0000464198819827288
987,0000000000000000000
-0,0000464198819827288
988,0000000000000000000
-0,0000464198819827288
989,0000000000000000000
-0,0000464198819827288
990,0000000000000000000
-0,0000464198819827288
991,0000000000000000000
-0,0000450898805866018
992,0000000000000000000
-0,0000450898805866018
993,0000000000000000000
-0,0000464198819827288
994,0000000000000000000
-0,0000464198819827288
995,0000000000000000000
-0,0000477498833788559
996,0000000000000000000
-0,0000477498833788559
997,0000000000000000000
-0,0000477498833788559
998,0000000000000000000
-0,0000464198819827288
999,0000000000000000000
-0,0000464198819827288
1000,0000000000000000000
-0,0000464198819827288
1001,0000000000000000000
-0,0000477498833788559
1002,0000000000000000000
-0,0000450898805866018
1003,0000000000000000000
-0,0000437598791904747
1004,0000000000000000000
-0,0000464198819827288
1005,0000000000000000000
-0,0000450898805866018
1006,0000000000000000000
-0,0000477498833788559
1007,0000000000000000000
-0,0000464198819827288
1008,0000000000000000000
-0,0000464198819827288
1009,0000000000000000000
-0,0000437598791904747
1010,0000000000000000000
-0,0000424298777943477
1011,0000000000000000000
-0,0000397698822780512
1012,0000000000000000000
-0,0000410998763982207
1013,0000000000000000000
-0,0000437598791904747
1014,0000000000000000000
-0,0000437598791904747
1015,0000000000000000000
-0,0000437598791904747
1016,0000000000000000000
-0,0000410998763982207
1017,0000000000000000000
-0,0000410998763982207
1018,0000000000000000000
-0,0000397698822780512
1019,0000000000000000000
-0,0000397698822780512
1020,0000000000000000000
-0,0000397698822780512
1021,0000000000000000000
-0,0000410998763982207
1022,0000000000000000000
-0,0000397698822780512
1023,0000000000000000000
-0,0000384398808819242
1024,0000000000000000000
-0,0000384398808819242
1025,0000000000000000000
-0,0000384398808819242
1026,0000000000000000000
-0,0000410998763982207
1027,0000000000000000000
-0,0000410998763982207
1028,0000000000000000000
-0,0000410998763982207
1029,0000000000000000000
-0,0000397698822780512
1030,0000000000000000000
-0,0000397698822780512
1031,0000000000000000000
-0,0000384398808819242
1032,0000000000000000000
-0,0000424298777943477
1033,0000000000000000000
-0,0000424298777943477
1034,0000000000000000000
-0,0000424298777943477
1035,0000000000000000000
-0,0000424298777943477
1036,0000000000000000000
-0,0000410998763982207
1037,0000000000000000000
-0,0000410998763982207
1038,0000000000000000000
-0,0000397698822780512
1039,0000000000000000000
-0,0000410998763982207
1040,0000000000000000000
-0,0000424298777943477
1041,0000000000000000000
-0,0000437598791904747
1042,0000000000000000000
-0,0000437598791904747
1043,0000000000000000000
-0,0000437598791904747
1044,0000000000000000000
-0,0000437598791904747
1045,0000000000000000000
-0,0000437598791904747
1046,0000000000000000000
-0,0000450898805866018
1047,0000000000000000000
-0,0000450898805866018
1048,0000000000000000000
-0,0000477498833788559
1049,0000000000000000000
-0,0000450898805866018
1050,0000000000000000000
-0,0000450898805866018
1051,0000000000000000000
-0,0000450898805866018
1052,0000000000000000000
-0,0000464198819827288
1053,0000000000000000000
-0,0000464198819827288
1054,0000000000000000000
-0,0000477498833788559
1055,0000000000000000000
-0,0000477498833788559
1056,0000000000000000000
-0,0000464198819827288
1057,0000000000000000000
-0,0000477498833788559
1058,0000000000000000000
-0,0000477498833788559
1059,0000000000000000000
-0,0000477498833788559
1060,0000000000000000000
-0,0000477498833788559
1061,0000000000000000000
-0,0000477498833788559
1062,0000000000000000000
-0,0000477498833788559
1063,0000000000000000000
-0,0000464198819827288
1064,0000000000000000000
-0,0000464198819827288
1065,0000000000000000000
-0,0000464198819827288
1066,0000000000000000000
-0,0000477498833788559
1067,0000000000000000000
-0,0000477498833788559
1068,0000000000000000000
-0,0000490798774990253
1069,0000000000000000000
-0,0000490798774990253
1070,0000000000000000000
-0,0000477498833788559
1071,0000000000000000000
-0,0000450898805866018
1072,0000000000000000000
-0,0000464198819827288
1073,0000000000000000000
-0,0000477498833788559
1074,0000000000000000000
-0,0000477498833788559
1075,0000000000000000000
-0,0000490798774990253
1076,0000000000000000000
-0,0000464198819827288
1077,0000000000000000000
-0,0000477498833788559
1078,0000000000000000000
-0,0000464198819827288
1079,0000000000000000000
-0,0000477498833788559
1080,0000000000000000000
-0,0000490798774990253
1081,0000000000000000000
-0,0000504098788951524
1082,0000000000000000000
-0,0000490798774990253
1083,0000000000000000000
-0,0000477498833788559
1084,0000000000000000000
-0,0000477498833788559
1085,0000000000000000000
-0,0000477498833788559
1086,0000000000000000000
-0,0000490798774990253
1087,0000000000000000000
-0,0000490798774990253
1088,0000000000000000000
-0,0000490798774990253
1089,0000000000000000000
-0,0000490798774990253
1090,0000000000000000000
-0,0000477498833788559
1091,0000000000000000000
-0,0000477498833788559
1092,0000000000000000000
-0,0000490798774990253
1093,0000000000000000000
-0,0000504098788951524
1094,0000000000000000000
-0,0000504098788951524
1095,0000000000000000000
-0,0000504098788951524
1096,0000000000000000000
-0,0000490798774990253
1097,0000000000000000000
-0,0000490798774990253
1098,0000000000000000000
-0,0000477498833788559
1099,0000000000000000000
-0,0000490798774990253
1100,0000000000000000000
-0,0000504098788951524
1101,0000000000000000000
-0,0000530698816874065
1102,0000000000000000000
-0,0000504098788951524
1103,0000000000000000000
-0,0000504098788951524
1104,0000000000000000000
-0,0000504098788951524
1105,0000000000000000000
-0,0000517398802912794
1106,0000000000000000000
-0,0000517398802912794
1107,0000000000000000000
-0,0000517398802912794
1108,0000000000000000000
-0,0000517398802912794
1109,0000000000000000000
-0,0000504098788951524
1110,0000000000000000000
-0,0000504098788951524
1111,0000000000000000000
-0,0000490798774990253
1112,0000000000000000000
-0,0000517398802912794
1113,0000000000000000000
-0,0000530698816874065
1114,0000000000000000000
-0,0000530698816874065
1115,0000000000000000000
-0,0000530698816874065
1116,0000000000000000000
-0,0000517398802912794
1117,0000000000000000000
-0,0000517398802912794
1118,0000000000000000000
-0,0000530698816874065
1119,0000000000000000000
-0,0000543998830835335
1120,0000000000000000000
-0,0000543998830835335
1121,0000000000000000000
-0,0000557298772037029
1122,0000000000000000000
-0,0000530698816874065
1123,0000000000000000000
-0,0000517398802912794
1124,0000000000000000000
-0,0000517398802912794
1125,0000000000000000000
-0,0000504098788951524
1126,0000000000000000000
-0,0000530698816874065
1127,0000000000000000000
-0,0000530698816874065
1128,0000000000000000000
-0,0000530698816874065
1129,0000000000000000000
-0,0000530698816874065
1130,0000000000000000000
-0,0000517398802912794
1131,0000000000000000000
-0,0000517398802912794
1132,0000000000000000000
-0,0000517398802912794
1133,0000000000000000000
-0,0000530698816874065
1134,0000000000000000000
-0,0000530698816874065
1135,0000000000000000000
-0,0000530698816874065
1136,0000000000000000000
-0,0000517398802912794
1137,0000000000000000000
-0,0000517398802912794
1138,0000000000000000000
-0,0000517398802912794
1139,0000000000000000000
-0,0000530698816874065
1140,0000000000000000000
-0,0000530698816874065
1141,0000000000000000000
-0,0000543998830835335
1142,0000000000000000000
-0,0000517398802912794
1143,0000000000000000000
-0,0000504098788951524
1144,0000000000000000000
-0,0000517398802912794
1145,0000000000000000000
-0,0000517398802912794
1146,0000000000000000000
-0,0000530698816874065
1147,0000000000000000000
-0,0000530698816874065
1148,0000000000000000000
-0,0000530698816874065
1149,0000000000000000000
-0,0000517398802912794
1150,0000000000000000000
-0,0000504098788951524
1151,0000000000000000000
-0,0000490798774990253
1152,0000000000000000000
-0,0000504098788951524
1153,0000000000000000000
-0,0000517398802912794
1154,0000000000000000000
-0,0000517398802912794
1155,0000000000000000000
-0,0000517398802912794