1155
-3,72549693566E-05
1154
-3,59249715984E-05
1153
-3,72549693566E-05
1152
-3,85849707527E-05
1151
-3,99149721488E-05
1150
-3,85849707527E-05
1149
-3,72549693566E-05
1148
-3,59249715984E-05
1147
-3,72549693566E-05
1146
-3,72549693566E-05
1145
-3,85849707527E-05
1144
-3,99149721488E-05
1143
-3,85849707527E-05
1142
-3,85849707527E-05
1141
-3,72549693566E-05
1140
-3,85849707527E-05
1139
-3,85849707527E-05
1138
-3,99149721488E-05
1137
-3,99149721488E-05
1136
-3,99149721488E-05
1135
-3,72549693566E-05
1134
-3,59249715984E-05
1133
-3,72549693566E-05
1132
-3,72549693566E-05
1131
-3,99149721488E-05
1130
-3,85849707527E-05
1129
-3,85849707527E-05
1128
-3,72549693566E-05
1127
-3,72549693566E-05
1126
-3,85849707527E-05
1125
-3,85849707527E-05
1124
-3,99149721488E-05
1123
-3,99149721488E-05
1122
-3,99149721488E-05
1121
-3,72549693566E-05
1120
-3,85849707527E-05
1119
-3,99149721488E-05
1118
-4,25749713031E-05
1117
-4,1244969907E-05
1116
-4,1244969907E-05
1115
-4,1244969907E-05
1114
-4,1244969907E-05
1113
-4,1244969907E-05
1112
-4,1244969907E-05
1111
-4,39049690613E-05
1110
-4,25749713031E-05
1109
-4,1244969907E-05
1108
-3,99149721488E-05
1107
-4,1244969907E-05
1106
-4,1244969907E-05
1105
-4,25749713031E-05
1104
-4,39049690613E-05
1103
-4,39049690613E-05
1102
-4,25749713031E-05
1101
-3,99149721488E-05
1100
-3,99149721488E-05
1099
-4,1244969907E-05
1098
-4,39049690613E-05
1097
-4,39049690613E-05
1096
-4,25749713031E-05
1095
-4,1244969907E-05
1094
-3,99149721488E-05
1093
-4,1244969907E-05
1092
-4,1244969907E-05
1091
-4,39049690613E-05
1090
-4,1244969907E-05
1089
-3,99149721488E-05
1088
-3,85849707527E-05
1087
-4,1244969907E-05
1086
-3,99149721488E-05
1085
-4,25749713031E-05
1084
-4,25749713031E-05
1083
-4,39049690613E-05
1082
-4,1244969907E-05
1081
-3,85849707527E-05
1080
-4,1244969907E-05
1079
-4,1244969907E-05
1078
-4,25749713031E-05
1077
-4,1244969907E-05
1076
-4,1244969907E-05
1075
-4,1244969907E-05
1074
-3,99149721488E-05
1073
-3,99149721488E-05
1072
-4,1244969907E-05
1071
-4,25749713031E-05
1070
-3,99149721488E-05
1069
-4,1244969907E-05
1068
-3,99149721488E-05
1067
-4,1244969907E-05
1066
-4,1244969907E-05
1065
-4,25749713031E-05
1064
-4,25749713031E-05
1063
-4,1244969907E-05
1062
-4,1244969907E-05
1061
-3,85849707527E-05
1060
-3,99149721488E-05
1059
-3,85849707527E-05
1058
-3,99149721488E-05
1057
-3,85849707527E-05
1056
-3,99149721488E-05
1055
-3,85849707527E-05
1054
-3,72549693566E-05
1053
-3,85849707527E-05
1052
-3,85849707527E-05
1051
-4,1244969907E-05
1050
-3,99149721488E-05
1049
-3,85849707527E-05
1048
-3,72549693566E-05
1047
-3,72549693566E-05
1046
-3,85849707527E-05
1045
-3,99149721488E-05
1044
-3,99149721488E-05
1043
-3,85849707527E-05
1042
-3,72549693566E-05
1041
-3,59249715984E-05
1040
-3,72549693566E-05
1039
-3,72549693566E-05
1038
-3,85849707527E-05
1037
-3,72549693566E-05
1036
-3,72549693566E-05
1035
-3,59249715984E-05
1034
-3,45949702023E-05
1033
-3,45949702023E-05
1032
-3,59249715984E-05
1031
-3,85849707527E-05
1030
-3,85849707527E-05
1029
-3,72549693566E-05
1028
-3,59249715984E-05
1027
-3,45949702023E-05
1026
-3,45949702023E-05
1025
-3,72549693566E-05
1024
-3,72549693566E-05
1023
-3,72549693566E-05
1022
-3,59249715984E-05
1021
-3,45949702023E-05
1020
-3,59249715984E-05
1019
-3,59249715984E-05
1018
-3,59249715984E-05
1017
-3,59249715984E-05
1016
-3,59249715984E-05
1015
-3,32649688062E-05
1014
-3,45949702023E-05
1013
-3,59249715984E-05
1012
-3,59249715984E-05
1011
-3,85849707527E-05
1010
-3,45949702023E-05
1009
-3,45949702023E-05
1008
-3,32649688062E-05
1007
-3,1934971048E-05
1006
-3,1934971048E-05
1005
-3,45949702023E-05
1004
-3,45949702023E-05
1003
-3,45949702023E-05
1002
-3,45949702023E-05
1001
-3,1934971048E-05
1000
-3,1934971048E-05
999
-3,1934971048E-05
998
-3,32649688062E-05
997
-3,32649688062E-05
996
-3,1934971048E-05
995
-3,32649688062E-05
994
-3,1934971048E-05
993
-3,32649688062E-05
992
-3,45949702023E-05
991
-3,59249715984E-05
990
-3,45949702023E-05
989
-3,32649688062E-05
988
-3,06049696519E-05
987
-3,1934971048E-05
986
-3,06049696519E-05
985
-3,1934971048E-05
984
-3,1934971048E-05
983
-3,1934971048E-05
982
-3,1934971048E-05
981
-2,92749700748E-05
980
-3,06049696519E-05
979
-3,16049696519E-05
978
-3,5934971048E-05
977
-3,32649688062E-05
976
-3,32649688062E-05
975
-3,06049696519E-05
974
-3,06049696519E-05
973
-3,06049696519E-05
972
-3,06049696519E-05
971
-3,32649688062E-05
970
-3,06049696519E-05
969
-3,06049696519E-05
968
-2,92749700748E-05
967
-2,79449704976E-05
966
-2,79449704976E-05
965
-2,92749700748E-05
964
-3,06049696519E-05
963
-2,92749700748E-05
962
-2,66149691015E-05
961
-2,52849713434E-05
960
-2,66149691015E-05
959
-2,79449704976E-05
958
-2,92749700748E-05
957
-2,79449704976E-05
956
-2,92749700748E-05
955
-2,79449704976E-05
954
-2,79449704976E-05
953
-2,66149691015E-05
952
-2,92749700748E-05
951
-2,92749700748E-05
950
-2,92749700748E-05
949
-2,79449704976E-05
948
-2,66149691015E-05
947
-2,92749700748E-05
946
-2,79449704976E-05
945
-3,06049696519E-05
944
-3,06049696519E-05
943
-3,06049696519E-05
942
-2,92749700748E-05
941
-2,79449704976E-05
940
-2,92749700748E-05
939
-2,92749700748E-05
938
-2,92749700748E-05
937
-3,06049696519E-05
936
-3,06049696519E-05
935
-2,79449704976E-05
934
-2,66149691015E-05
933
-2,79449704976E-05
932
-2,92749700748E-05
931
-3,06049696519E-05
930
-2,79449704976E-05
929
-2,92749700748E-05
928
-2,66149691015E-05
927
-2,66149691015E-05
926
-2,66149691015E-05
925
-2,79449704976E-05
924
-2,92749700748E-05
923
-2,92749700748E-05
922
-2,92749700748E-05
921
-2,79449704976E-05
920
-2,92749700748E-05
919
-3,06049696519E-05
918
-3,06049696519E-05
917
-3,06049696519E-05
916
-2,92749700748E-05
915
-2,92749700748E-05
914
-2,92749700748E-05
913
-3,06049696519E-05
912
-3,1934971048E-05
911
-3,32649688062E-05
910
-3,1934971048E-05
909
-3,1934971048E-05
908
-3,56049696519E-05
907
-3,1934971048E-05
906
-3,1934971048E-05
905
-3,32649688062E-05
904
-3,32649688062E-05
903
-3,59249715984E-05
902
-3,59249715984E-05
901
-3,45949702023E-05
900
-3,45949702023E-05
899
-3,59249715984E-05
898
-3,85849707527E-05
897
-3,72549693566E-05
896
-3,72549693566E-05
895
-3,72549693566E-05
894
-3,72549693566E-05
893
-3,59249715984E-05
892
-3,85849707527E-05
891
-3,99149721488E-05
890
-3,72549693566E-05
889
-3,72549693566E-05
888
-3,59249715984E-05
887
-3,72549693566E-05
886
-3,72549693566E-05
885
-3,85849707527E-05
884
-3,99149721488E-05
883
-3,99149721488E-05
882
-3,85849707527E-05
881
-3,59249715984E-05
880
-3,85849707527E-05
879
-3,85849707527E-05
878
-3,85849707527E-05
877
-3,72549693566E-05
876
-3,85849707527E-05
875
-3,72549693566E-05
874
-3,59249715984E-05
873
-3,72549693566E-05
872
-3,85849707527E-05
871
-4,1244969907E-05
870
-3,99149721488E-05
869
-3,85849707527E-05
868
-3,85849707527E-05
867
-3,72549693566E-05
866
-3,85849707527E-05
865
-4,1244969907E-05
864
-4,1244969907E-05
863
-4,1244969907E-05
862
-3,85849707527E-05
861
-3,85849707527E-05
860
-3,99149721488E-05
859
-3,99149721488E-05
858
-4,1244969907E-05
857
-4,25749713031E-05
856
-4,1244969907E-05
855
-3,99149721488E-05
854
-3,85849707527E-05
853
-3,99149721488E-05
852
-4,1244969907E-05
851
-4,25749713031E-05
850
-3,85849707527E-05
849
-3,85849707527E-05
848
-3,72549693566E-05
847
-3,85849707527E-05
846
-3,99149721488E-05
845
-4,1244969907E-05
844
-4,25749713031E-05
843
-4,1244969907E-05
842
-4,1244969907E-05
841
-3,99149721488E-05
840
-4,1244969907E-05
839
-4,1244969907E-05
838
-4,1244969907E-05
837
-3,99149721488E-05
836
-3,99149721488E-05
835
-3,85849707527E-05
834
-3,72549693566E-05
833
-3,85849707527E-05
832
-3,99149721488E-05
831
-4,1244969907E-05
830
-3,99149721488E-05
829
-3,85849707527E-05
828
-3,99149721488E-05
827
-3,85849707527E-05
826
-3,99149721488E-05
825
-4,1244969907E-05
824
-4,1244969907E-05
823
-4,1244969907E-05
822
-3,99149721488E-05
821
-3,62549693566E-05
820
-3,99149721488E-05
819
-4,1244969907E-05
818
-3,99149721488E-05
817
-3,85849707527E-05
816
-3,99149721488E-05
815
-3,85849707527E-05
814
-3,72549693566E-05
813
-3,72549693566E-05
812
-3,72549693566E-05
811
-3,85849707527E-05
810
-3,72549693566E-05
809
-3,85849707527E-05
808
-3,59249715984E-05
807
-3,59249715984E-05
806
-3,45949702023E-05
805
-3,45949702023E-05
804
-3,45949702023E-05
803
-3,32649688062E-05
802
-3,06049696519E-05
801
-2,92749700748E-05
800
-3,06049696519E-05
799
-3,06049696519E-05
798
-3,06049696519E-05
797
-2,92749700748E-05
796
-2,79449704976E-05
795
-2,52849713434E-05
794
-2,39549699472E-05
793
-2,26249703701E-05
792
-2,39549699472E-05
791
-2,52849713434E-05
790
-2,26249703701E-05
789
-2,1294970793E-05
788
-1,86349698197E-05
787
-1,86349698197E-05
786
-1,73049702425E-05
785
-1,86349698197E-05
784
-1,59749706654E-05
783
-1,46449710883E-05
782
-1,1984970115E-05
781
-7,9949695646E-06
780
-9,3249709607E-06
779
-7,9949695646E-06
778
-6,6649699875E-06
777
-5,3349704103E-06
776
-2,6749694371E-06
775
1,3150311133E-06
774
3,9750302676E-06
773
5,3050280258E-06
772
5,3050280258E-06
771
5,3050280258E-06
770
1,06250299723E-05
769
1,19550313684E-05
768
1,59450282808E-05
767
1,99350288312E-05
766
2,12650302274E-05
765
2,25950279855E-05
764
2,52550307778E-05
763
2,92450313282E-05
762
3,32350282406E-05
761
3,85550265491E-05
760
3,98850279453E-05
759
4,25450307375E-05
758
4,52050262538E-05
757
4,91950304422E-05
756
5,18550332345E-05
755
5,7175031543E-05
754
6,11650320934E-05
753
6,38250348857E-05
752
6,6485023126E-05
751
6,91450259183E-05
750
7,31350301066E-05
749
7,7125034295E-05
748
8,24450253276E-05
747
8,6435029516E-05
746
9,04250337044E-05
745
9,17550351005E-05
744
9,7075040685E-05
743
9,97350289254E-05
742
0,000106385035906
741
0,0001130350283347
740
0,0001170250325231
739
0,0001196850353153
738
0,0001223450381076
737
0,0001276650291402
736
0,0001329850347247
735
0,0001369750389131
734
0,0001422950299457
733
0,0001449550327379
732
0,0001489450369263
731
0,0001516050397186
730
0,0001582550321473
729
0,0001609150349395
728
0,0001688950287644
727
0,0001715550315566
726
0,0001742150343489
725
0,000175545035745
724
0,0001795350399334
723
0,0001835250295699
722
0,0001888450351544
721
0,000194165026187
720
0,000194165026187
719
0,0001954950275831
718
0,0001954950275831
717
0,0001994850317715
716
0,0002021450345637
715
0,0002061350387521
714
0,0002074650401482
713
0,0002101250283886
712
0,0002101250283886
711
0,0002087950269924
710
0,0002114550443366
709
0,0002141150471289
708
0,0002154450339731
707
0,0002154450339731
706
0,0002181050367653
705
0,0002167750208173
704
0,0002167750208173
703
0,0002181050367653
702
0,0002181050367653
701
0,0002207650395576
700
0,0002194350236095
699
0,0002194350236095
698
0,0002191050367653
697
0,0002207750208173
696
0,0002154450339731
695
0,0002181050367653
694
0,0002181050367653
693
0,0002181050367653
692
0,0002154450339731
691
0,0002141150471289
690
0,0002141150471289
689
0,0002141150471289
688
0,0002154450339731
687
0,0002141150471289
686
0,0002127850311808
685
0,0002114550443366
684
0,0002101250283886
683
0,0002101250283886
682
0,0002101250283886
681
0,0002101250283886
680
0,0002074650401482
679
0,000204805037356
678
0,0002021450345637
677
0,0002021450345637
676
0,0002008150331676
675
0,0002008150331676
674
0,0001994850317715
673
0,0001981550303753
672
0,0001954950275831
671
0,0001915050379466
670
0,0001928350393428
669
0,0001915050379466
668
0,0001888450351544
667
0,0001875150337582
666
0,0001861850323621
665
0,0001835250295699
664
0,0001808650267776
663
0,0001795350399334
662
0,0001795350399334
661
0,0001782050385373
660
0,0001742150343489
659
0,0001715550315566
658
0,0001688950287644
657
0,0001688950287644
656
0,0001675650273683
655
0,0001675650273683
654
0,000166235040524
653
0,0001635750377318
652
0,0001622450363357
651
0,0001582550321473
650
0,0001569250307512
649
0,000155595029355
648
0,000155595029355
647
0,0001529350265628
646
0,0001516050397186
645
0,0001476150355302
644
0,0001462850341341
643
0,0001449550327379
642
0,0001422950299457
641
0,0001422950299457
640
0,0001383050403092
639
0,000135645037517
638
0,0001329850347247
637
0,0001303250319324
636
0,0001276650291402
635
0,0001289950305363
634
0,0001263350277441
633
0,0001250050263479
632
0,0001223450381076
631
0,0001196850353153
630
0,0001183550339192
629
0,0001170250325231
628
0,0001170250325231
627
0,000115695031127
626
0,0001130350283347
625
0,0001090450386982
624
0,0001077150373021
623
0,0001050550345099
622
0,0001050550345099
621
0,0001050550345099
620
0,0001023950317176
619
9,97350289254E-05
618
9,84050275292E-05
617
9,57450392889E-05
616
9,57450392889E-05
615
9,57450392889E-05
614
9,30850364966E-05
613
9,30850364966E-05
612
9,04250337044E-05
611
8,6435029516E-05
610
8,77650309121E-05
609
8,6435029516E-05
608
8,6435029516E-05
607
8,51050281199E-05
606
8,37750267237E-05
605
7,97850225354E-05
604
7,84550356911E-05
603
7,84550356911E-05
602
7,84550356911E-05
601
7,84550356911E-05
600
7,57950328989E-05
599
7,44650315028E-05
598
7,18050287105E-05
597
7,04750273144E-05
596
7,04750273144E-05
595
7,04750273144E-05
594
7,04750273144E-05
593
7,04750273144E-05
592
6,6485023126E-05
591
6,51550362818E-05
590
6,51550362818E-05
589
6,51550362818E-05
588
6,51550362818E-05
587
6,38250348857E-05
586
6,11650320934E-05
585
5,85050329391E-05
584
5,7175031543E-05
583
5,7175031543E-05
582
5,7175031543E-05
581
6,11650320934E-05
580
5,85050329391E-05
579
5,7175031543E-05
578
5,31850273546E-05
577
5,18550332345E-05
576
5,05250318383E-05
575
5,31850273546E-05
574
5,31850273546E-05
573
5,18550332345E-05
572
4,91950304422E-05
571
4,653502765E-05
570
4,653502765E-05
569
4,653502765E-05
568
4,52050262538E-05
567
4,52050262538E-05
566
4,38750321337E-05
565
4,25450307375E-05
564
3,85550265491E-05
563
3,98850279453E-05
562
3,98850279453E-05
561
3,98850279453E-05
560
3,58950310329E-05
559
3,58950310329E-05
558
3,45650296367E-05
557
3,58950310329E-05
556
3,45650296367E-05
555
3,58950310329E-05
554
3,58950310329E-05
553
3,45650296367E-05
552
3,32350282406E-05
551
3,32450313282E-05
550
2,79050268445E-05
549
2,95750327243E-05
548
2,92450313282E-05
547
3,05750327243E-05
546
3,19050268445E-05
545
2,92450313282E-05
544
2,7915029932E-05
543
2,92450313282E-05
542
2,92450313282E-05
541
3,05750327243E-05
540
2,92450313282E-05
539
2,7915029932E-05
538
2,52550307778E-05
537
2,65850285359E-05
536
2,65850285359E-05
535
2,7915029932E-05
534
2,7915029932E-05
533
2,52550307778E-05
532
2,39250293816E-05
531
2,12650302274E-05
530
2,12650302274E-05
529
2,12650302274E-05
528
2,25950279855E-05
527
2,25950279855E-05
526
2,12650302274E-05
525
2,12650302274E-05
524
1,86050310731E-05
523
1,7275029677E-05
522
1,86050310731E-05
521
1,99350288312E-05
520
1,86050310731E-05
519
1,7275029677E-05
518
1,59450282808E-05
517
1,59450282808E-05
516
1,46150305227E-05
515
1,7275029677E-05
514
1,7275029677E-05
513
1,59450282808E-05
512
1,46150305227E-05
511
1,19550313684E-05
510
1,19550313684E-05
509
1,19550313684E-05
508
1,32850291266E-05
507
1,19550313684E-05
506
1,06250299723E-05
505
9,2950285762E-06
504
7,965030818E-06
503
7,965030818E-06
502
9,2950285762E-06
501
1,19550313684E-05
500
1,06250299723E-05
499
7,965030818E-06
498
6,6350294219E-06
497
5,3050280258E-06
496
6,6350294219E-06
495
9,2950285762E-06
494
6,6350294219E-06
493
5,3050280258E-06
492
3,9750302676E-06
491
1,3150311133E-06
490
2,6450288715E-06
489
2,6450288715E-06
488
3,9750302676E-06
487
3,9750302676E-06
486
2,6450288715E-06
485
-1,3449716789E-06
484
-2,6749694371E-06
483
-1,3449716789E-06
482
-2,6749694371E-06
481
-1,49702828E-08
480
-2,6749694371E-06
479
-4,0049708332E-06
478
-7,9949695646E-06
477
-7,9949695646E-06
476
-7,9949695646E-06
475
-7,9949695646E-06
474
-7,9949695646E-06
473
-9,3249709607E-06
472
-1,06549705379E-05
471
-1,33149696921E-05
470
-1,1984970115E-05
469
-1,1984970115E-05
468
-1,6984970115E-05
467
-1,33149696921E-05
466
-1,59749706654E-05
465
-1,99649693968E-05
464
-2,1294970793E-05
463
-2,26249703701E-05
462
-2,39549699472E-05
461
-2,52849713434E-05
460
-2,79449704976E-05
459
-3,1934971048E-05
458
-3,85849707527E-05
457
-4,39049690613E-05
456
-5,18849701621E-05
455
-5,85349698667E-05
454
-6,91749737598E-05
453
-8,1144971773E-05
452
-9,57749725785E-05
451
-0,000110404973384
450
-0,0001237049727933
449
-0,000139664974995
448
-0,0001556249771966
447
-0,0001755749690346
446
-0,0001941949594766
445
-0,0002154749672627
444
-0,0002340949722566
443
-0,0002513849758543
442
-0,000268674979452
441
-0,0002846349671017
440
-0,0003045849734917
439
-0,0003232049639337
438
-0,0003418249543756
437
-0,0003537949523889
436
-0,0003657649795059
435
-0,0003710849559866
434
-0,0003737449587788
433
-0,0003697549691424
432
-0,0003631049767137
431
-0,0003524649655446
430
-0,0003351749619469
429
-0,0003125649527647
428
-0,000287294969894
427
-0,0002620249870233
426
-0,0002287749666721
425
-0,0001955249608727
424
-0,000159614966833
423
-0,0001223749713972
422
-8,51349686855E-05
421
-4,25749713031E-05
420
-5,3349704103E-06
419
3,19050268445E-05
418
6,51550362818E-05
417
9,84050275292E-05
416
0,0001316550333286
415
0,000166235040524
414
0,0001954950275831
413
0,0002181050367653
412
0,0002393850299995
411
0,0002593350363895
410
0,0002792850427795
409
0,000292585027637
408
0,0002965750463773
407
0,0002952450304292
406
0,0002859350352082
405
0,000273965037195
404
0,0002619950391818
403
0,0002513550280128
402
0,0002420450327918
401
0,0002300750347786
400
0,0002141150471289
399
0,0001968250289792
398
0,0001795350399334
397
0,0001622450363357
396
0,0001476150355302
395
0,0001316550333286
394
0,0001130350283347
393
9,30850364966E-05
392
7,31350301066E-05
391
5,45150287508E-05
390
3,98850279453E-05
389
2,65850285359E-05
388
1,46150305227E-05
387
1,3150311133E-06
386
-7,9949695646E-06
385
-1,73049702425E-05
384
-2,39549699472E-05
383
-2,79449704976E-05
382
-3,32649688062E-05
381
-3,45949702023E-05
380
-3,85849707527E-05
379
-3,69149721488E-05
378
-4,25749713031E-05
377
-4,39049690613E-05
376
-4,39049690613E-05
375
-4,25749713031E-05
374
-3,99149721488E-05
373
-3,99149721488E-05
372
-3,85849707527E-05
371
-3,99149721488E-05
370
-3,72549693566E-05
369
-3,72549693566E-05
368
-3,72549693566E-05
367
-3,72549693566E-05
366
-3,72549693566E-05
365
-3,85849707527E-05
364
-3,85849707527E-05
363
-3,72549693566E-05
362
-3,59249715984E-05
361
-3,45949702023E-05
360
-3,45949702023E-05
359
-3,45949702023E-05
358
-3,59249715984E-05
357
-3,59249715984E-05
356
-3,59249715984E-05
355
-3,59249715984E-05
354
-3,45949702023E-05
353
-3,45949702023E-05
352
-3,59249715984E-05
351
-3,72549693566E-05
350
-3,59249715984E-05
349
-3,45949702023E-05
348
-3,32649688062E-05
347
-3,45949702023E-05
346
-3,32649688062E-05
345
-3,59249715984E-05
344
-3,45949702023E-05
343
-3,59249715984E-05
342
-3,59249715984E-05
341
-3,45949702023E-05
340
-3,32649688062E-05
339
-3,1934971048E-05
338
-3,32649688062E-05
337
-3,32649688062E-05
336
-3,59249715984E-05
335
-3,45949702023E-05
334
-3,32649688062E-05
333
-3,59249715984E-05
332
-3,59249715984E-05
331
-3,72549693566E-05
330
-3,59249715984E-05
329
-3,59249715984E-05
328
-3,45949702023E-05
327
-3,89249715984E-05
326
-3,45949702023E-05
325
-3,59249715984E-05
324
-3,85849707527E-05
323
-3,85849707527E-05
322
-3,72549693566E-05
321
-3,45949702023E-05
320
-3,45949702023E-05
319
-3,45949702023E-05
318
-3,45949702023E-05
317
-3,1934971048E-05
316
-3,1934971048E-05
315
-3,06049696519E-05
314
-2,66149691015E-05
313
-2,52849713434E-05
312
-2,52849713434E-05
311
-2,52849713434E-05
310
-2,1294970793E-05
309
-1,73049702425E-05
308
-1,33149696921E-05
307
-9,3249709607E-06
306
-6,6649699875E-06
305
-7,9949695646E-06
304
-6,6649699875E-06
303
-2,6749694371E-06
302
-1,3449716789E-06
301
3,9750302676E-06
300
6,6350294219E-06
299
9,2950285762E-06
298
9,2950285762E-06
297
9,2950285762E-06
296
1,06250299723E-05
295
1,32850291266E-05
294
1,46150305227E-05
293
1,59450282808E-05
292
1,46150305227E-05
291
1,32850291266E-05
290
1,46150305227E-05
289
1,59450282808E-05
288
1,7275029677E-05
287
1,59450282808E-05
286
1,46150305227E-05
285
1,32850291266E-05
284
1,32850291266E-05
283
1,32850291266E-05
282
1,19550313684E-05
281
1,06150305227E-05
280
9,2950285762E-06
279
6,6350294219E-06
278
2,6450288715E-06
277
2,6450288715E-06
276
1,3150311133E-06
275
1,3150311133E-06
274
-1,49702828E-08
273
-1,3449716789E-06
272
-2,6749694371E-06
271
-5,3349704103E-06
270
-4,0049708332E-06
269
-5,3349704103E-06
268
-5,3349704103E-06
267
-7,9949695646E-06
266
-9,3249709607E-06
265
-1,1984970115E-05
264
-1,33149696921E-05
263
-1,46449710883E-05
262
-1,76449710883E-05
261
-1,33149696921E-05
260
-1,46449710883E-05
259
-1,59749706654E-05
258
-1,59749706654E-05
257
-1,59749706654E-05
256
-1,73049702425E-05
255
-1,59749706654E-05
254
-1,59749706654E-05
253
-1,73049702425E-05
252
-1,99649693968E-05
251
-2,39549699472E-05
250
-2,39549699472E-05
249
-2,1294970793E-05
248
-1,99649693968E-05
247
-1,99649693968E-05
246
-2,1294970793E-05
245
-2,1294970793E-05
244
-2,39549699472E-05
243
-2,39549699472E-05
242
-2,39549699472E-05
241
-2,39549699472E-05
240
-2,66149691015E-05
239
-2,52849713434E-05
238
-2,52849713434E-05
237
-2,52849713434E-05
236
-2,49549699472E-05
235
-2,1294970793E-05
234
-2,1294970793E-05
233
-2,39549699472E-05
232
-2,52849713434E-05
231
-2,66149691015E-05
230
-2,52849713434E-05
229
-2,66149691015E-05
228
-2,52849713434E-05
227
-2,39549699472E-05
226
-2,52849713434E-05
225
-2,79449704976E-05
224
-2,79449704976E-05
223
-2,92749700748E-05
222
-2,79449704976E-05
221
-2,66149691015E-05
220
-2,79449704976E-05
219
-2,92749700748E-05
218
-3,06049696519E-05
217
-3,1934971048E-05
216
-3,1934971048E-05
215
-3,1934971048E-05
214
-3,06049696519E-05
213
-3,1934971048E-05
212
-3,32649688062E-05
211
-3,59249715984E-05
210
-3,59249715984E-05
209
-3,59249715984E-05
208
-3,45949702023E-05
207
-3,59249715984E-05
206
-3,59249715984E-05
205
-3,72549693566E-05
204
-3,85849707527E-05
203
-3,85849707527E-05
202
-3,72549693566E-05
201
-3,72549693566E-05
200
-3,85849707527E-05
199
-3,85849707527E-05
198
-3,99149721488E-05
197
-3,85849707527E-05
196
-3,72549693566E-05
195
-3,59249715984E-05
194
-3,72549693566E-05
193
-3,72549693566E-05
192
-3,85849707527E-05
191
-3,99149721488E-05
190
-3,99149721488E-05
189
-3,85849707527E-05
188
-3,59249715984E-05
187
-3,59249715984E-05
186
-3,45949702023E-05
185
-3,72549693566E-05
184
-3,59249715984E-05
183
-3,59249715984E-05
182
-3,45949702023E-05
181
-3,1934971048E-05
180
-3,32649688062E-05
179
-3,59249715984E-05
178
-3,59249715984E-05
177
-3,59249715984E-05
176
-3,72549693566E-05
175
-3,45949702023E-05
174
-3,32649688062E-05
173
-3,45949702023E-05
172
-3,59249715984E-05
171
-3,85849707527E-05
170
-3,72549693566E-05
169
-3,45949702023E-05
168
-3,32649688062E-05
167
-3,32649688062E-05
166
-3,45949702023E-05
165
-3,72549693566E-05
164
-3,85849707527E-05
163
-3,85849707527E-05
162
-3,59249715984E-05
161
-3,45949702023E-05
160
-3,72549693566E-05
159
-3,72549693566E-05
158
-3,72549693566E-05
157
-3,85849707527E-05
156
-3,59249715984E-05
155
-3,59249715984E-05
154
-3,45949702023E-05
153
-3,45949702023E-05
152
-3,45949702023E-05
151
-3,85849707527E-05
150
-3,85849707527E-05
149
-3,72549693566E-05
148
-3,72549693566E-05
147
-3,72549693566E-05
146
-3,72549693566E-05
145
-3,72549693566E-05
144
-3,72549693566E-05
143
-3,85849707527E-05
142
-3,72549693566E-05
141
-3,72549693566E-05
140
-3,85849707527E-05
139
-3,85849707527E-05
138
-4,1244969907E-05
137
-4,1244969907E-05
136
-3,99149721488E-05
135
-3,99149721488E-05
134
-3,85849707527E-05
133
-3,72549693566E-05
132
-3,72549693566E-05
131
-3,85849707527E-05
130
-3,72549693566E-05
129
-3,72549693566E-05
128
-3,59249715984E-05
127
-3,72549693566E-05
126
-3,72549693566E-05
125
-3,85849707527E-05
124
-3,85849707527E-05
123
-3,85849707527E-05
122
-3,72549693566E-05
121
-3,59249715984E-05
120
-3,59249715984E-05
119
-3,59249715984E-05
118
-3,85849707527E-05
117
-3,85849707527E-05
116
-3,99149721488E-05
115
-3,85849707527E-05
114
-3,85849707527E-05
113
-3,85849707527E-05
112
-3,99149721488E-05
111
-4,1244969907E-05
110
-4,25749713031E-05
109
-3,99149721488E-05
108
-3,85849707527E-05
107
-3,99149721488E-05
106
-3,99149721488E-05
105
-4,25749713031E-05
104
-4,25749713031E-05
103
-4,25749713031E-05
102
-4,25749713031E-05
101
-4,15849707527E-05
100
-4,1244969907E-05
99
-4,1244969907E-05
98
-4,1244969907E-05
97
-4,1244969907E-05
96
-3,99149721488E-05
95
-3,85849707527E-05
94
-3,85849707527E-05
93
-4,1244969907E-05
92
-4,25749713031E-05
91
-4,25749713031E-05
90
-3,99149721488E-05
89
-3,99149721488E-05
88
-3,85849707527E-05
87
-3,99149721488E-05
86
-3,99149721488E-05
85
-4,1244969907E-05
84
-4,25749713031E-05
83
-4,1244969907E-05
82
-3,99149721488E-05
81
-3,72549693566E-05
80
-3,99149721488E-05
79
-3,99149721488E-05
78
-3,99149721488E-05
77
-3,85849707527E-05
76
-3,99149721488E-05
75
-3,99149721488E-05
74
-3,72549693566E-05
73
-3,85849707527E-05
72
-3,85849707527E-05
71
-4,25749713031E-05
70
-4,1244969907E-05
69
-3,99149721488E-05
68
-3,85849707527E-05
67
-3,85849707527E-05
66
-3,72549693566E-05
65
-3,85849707527E-05
64
-3,99149721488E-05
63
-3,85849707527E-05
62
-3,99149721488E-05
61
-3,72549693566E-05
60
-3,99149721488E-05
59
-3,99149721488E-05
58
-4,1244969907E-05
57
-3,99149721488E-05
56
-3,99149721488E-05
55
-3,99149721488E-05
54
-3,85849707527E-05
53
-3,85849707527E-05
52
-3,85849707527E-05
51
-3,99149721488E-05
50
-3,99149721488E-05
49
-3,99149721488E-05
48
-3,72549693566E-05
47
-3,85849707527E-05
46
-3,72549693566E-05
45
-3,85849707527E-05
44
-3,99149721488E-05
43
-4,1244969907E-05
42
-3,85849707527E-05
41
-3,72549693566E-05
40
-3,85849707527E-05
39
-3,99149721488E-05
38
-4,1244969907E-05
37
-4,1244969907E-05
36
-4,1244969907E-05
35
-3,85849707527E-05
34
-3,85849707527E-05
33
-3,99149721488E-05
32
-3,99149721488E-05
31
-4,25749713031E-05
30
-3,99149721488E-05
29
-3,99149721488E-05
28
-3,99149721488E-05
27
-4,1244969907E-05
26
-4,25749713031E-05
25
-4,25749713031E-05
24
-4,25749713031E-05
23
-4,1244969907E-05
22
-4,25749713031E-05
21
-3,99149721488E-05
20
-4,1244969907E-05
19
-4,25749713031E-05
18
-4,39049690613E-05
17
-4,39049690613E-05
16
-4,25749713031E-05
15
-4,1244969907E-05
14
-3,99149721488E-05
13
-4,1244969907E-05
12
-4,1244969907E-05
11
-4,25749713031E-05
10
-4,39049690613E-05
9
-4,25749713031E-05
8
-3,99149721488E-05
7
-4,1244969907E-05
6
-4,25749713031E-05
5
-4,39049690613E-05
4
-4,39049690613E-05
3
-4,25749713031E-05
2
-4,25749713031E-05
1
-3,99149721488E-05
